Protein: PFF0200c	Seed k-mer: GGGTGCAC	Enrichment Score: 0.499698
A:	0.077084175366872	0.690941641579787	0.490605118414535	0.171699103025283	0.0367735425031647	0.00279534433719332	0.00077869790832832	0.00511430883738927	0.00354231506337419	0.945678701366293	0.0409847468813976	0.098963653384182	0.121104353386447	0.28259169780291
C:	0.185399299072458	0.130983151939386	0.0648087715894634	0.0413851908881464	0.00398509668726748	0.00227145686924568	0.0107522592471546	0.000927217862757234	0.993184468471671	0.00177637144130125	0.896946267206188	0.744997070262723	0.398847444706168	0.254786214822703
G:	0.515814665886179	0.105235354083476	0.260763136706595	0.717768331485313	0.953424754529228	0.985340661148381	0.00236220676487296	0.991454295643236	0.00176804673782518	0.0501858404279092	0.0170082035488273	0.0150763081500576	0.204691280102064	0.114564848392005
T:	0.221701859674491	0.0728398523973509	0.183822973289407	0.0691473746012571	0.00581660628034023	0.00959253764518023	0.986106836079644	0.00250417765661714	0.00150516972712916	0.0023590867644969	0.0450607823635871	0.140962968203038	0.27535692180532	0.348057238982382