Gene:  Aft1-primary  Motif:  A.TGCACCC  Enrichment Score:  0.482942724828625
A:	0.106206209640922	0.155258373589726	0.362935257239374	0.179981378259842	0.426657762868071	0.13688115038742	0.716619001468936	0.145161072631796	0.0342809276528156	0.160763289170782	0.0109813649457007	0.961083219060667	0.00832020751017246	0.0250020357121778	0.0196753328330524	0.181885409487817	0.265912987550001	0.287381242249375	0.276066006197372	0.123919492224826	0.154128688222547
C:	0.205920122710712	0.249366061069948	0.19701177393174	0.396922606036913	0.231448649943595	0.0786085508111989	0.0252312407295708	0.0310444550598084	0.0479058505935287	0.0101273271992075	0.96685691379214	0.00920418605632664	0.972061751869787	0.955930572862017	0.740566916117894	0.257711125377008	0.252071568116971	0.155527050151294	0.180275383141046	0.225917310129616	0.236680391255713
G:	0.231857467992134	0.220654512495749	0.221779465244512	0.222245708297486	0.154409281410371	0.142755096012319	0.0315611879956547	0.288672410229433	0.0392421028440115	0.812386000932422	0.0112396907969206	0.0155411555975395	0.00907985951114708	0.00231660570686073	0.0137829609506435	0.494574967261659	0.241654128057805	0.183562686409529	0.0688601044687691	0.357404663871428	0.458613358343335
T:	0.456016199656232	0.374721052844577	0.218273503584374	0.200850307405759	0.187484305777963	0.641755202789062	0.226588569805839	0.535122062078962	0.878571118909644	0.0167233826975886	0.010922030465239	0.0141714392854669	0.0105381811088939	0.0167507857189444	0.22597479009841	0.0658284978735163	0.240361316275224	0.373529021189803	0.474798506192812	0.292758533774129	0.150577562178406
