Gene:  Aro80-primary  Motif:  TCTCGG.AA  Enrichment Score:  0.490130450190978
A:	0.102797331461124	0.330491040055236	0.125995141964677	0.407120005014269	0.390047575153131	0.310294087860042	0.0837054451348724	0.0403324992825817	0.00582486700251987	0.00500319770386001	0.00164305172922138	0.00177930787647787	0.0152401060922426	0.670916993913867	0.690375180410825	0.105240636016666	0.269185498733925	0.353747332599781	0.257301338129175	0.236094125344382	0.278410970545927
C:	0.155405406860951	0.193738159795012	0.232230999747912	0.253094774021544	0.193968928023352	0.19853364080633	0.154087275554558	0.744099546201436	0.231883944869329	0.987924697597712	0.0222928450110567	0.00563266933525706	0.359290854568955	0.00417571213389762	0.0683537903472151	0.222702242200742	0.119687191786763	0.210713894404055	0.217143160900297	0.103141198194009	0.25255635554775
G:	0.531609959667598	0.301528623233528	0.31789509587923	0.20367466497838	0.22942927477817	0.135403814265696	0.33603280998074	0.0304686089823956	0.00895071258999257	0.00121300627969621	0.975013609362524	0.990191051312235	0.29590639575672	0.00642631998633814	0.0602328009369093	0.372726106990229	0.19304628985104	0.205045889970743	0.178066887199002	0.349776026667117	0.170242262623356
T:	0.210187302010327	0.174242176916224	0.323878762408181	0.136110555985806	0.186554222045347	0.355768457067932	0.42617446932983	0.185099345533587	0.753340475538159	0.00585909841873141	0.00105049389719767	0.00239697147602994	0.329562643582082	0.318480973965897	0.181038228305051	0.299331014792363	0.418081019628271	0.230492883025421	0.347488613771526	0.310988649794491	0.298790411282967
