Gene:  Bas1-primary  Motif:  CC.GAGTCA  Enrichment Score:  0.490936929893146
A:	0.0645910736212471	0.104124208066059	0.484670085990002	0.0783043162464821	0.455345704080377	0.248388357632792	0.0987858784661348	0.0529029904563964	0.348078184336811	0.0125010128774592	0.966952617837106	0.0268486070929944	0.00913848647296247	0.0472683413027249	0.892026141521295	0.487259052616857	0.287996236643864	0.373303182322046	0.178649311970623	0.402789703577986	0.435165585793244
C:	0.217527206850088	0.552628639549248	0.111920114164303	0.401203068280927	0.0517529284269959	0.0345971975165067	0.724818813487124	0.918520511829344	0.346587163892211	0.00343092716202181	0.00507615785870443	0.00645248068159902	0.0103911990009931	0.930232968774358	0.0425846561684554	0.123027245036962	0.140577672216018	0.110905016601185	0.367753870743739	0.140498667358599	0.229367267218924
G:	0.425345936345454	0.150586471570888	0.114488103476537	0.186550834410264	0.370780435190449	0.670958749337191	0.143116358162181	0.00791889153941767	0.280919753116538	0.977313962201841	0.0231342321370563	0.962381655588523	0.00497072629987416	0.00718703841315631	0.0162236520806116	0.320861640690866	0.317349271840311	0.0813310938416251	0.184628181991226	0.341884255834306	0.241469421893654
T:	0.292535783183211	0.192660680813805	0.288921696369158	0.333941781062327	0.122120932302179	0.0460556955135095	0.033278949884561	0.0206576061748421	0.0244148986544393	0.00675409775867814	0.00483699216713301	0.00431725663688369	0.97549958822617	0.0153116515097609	0.049165550229638	0.0688520616553158	0.254076819299807	0.434460707235144	0.268968635294412	0.114827373229109	0.0939977250941779
