Gene:  Cbf1-primary  Motif:  G.CACGTG.C  Enrichment Score:  0.497715913164687
A:	0.103168718814716	0.448961487159724	0.21921064022119	0.181653951625934	0.342458884935503	0.163326245365447	0.128674973331098	0.0319882631698903	0.972915042891231	0.000778473283631465	0.0629812352469809	0.00930450739229549	0.00354000843569768	0.467738098670382	0.169213988428915	0.193160600372126	0.191476626137565	0.293637691112515	0.22448701987837	0.305018133852613	0.233601462620002
C:	0.146127754292041	0.164027177423604	0.247547035245385	0.48585260667785	0.237306347113592	0.104344363341356	0.177338130479106	0.962606577177665	0.00680825431948463	0.923726613155297	0.0125136783140903	0.0109721953969886	0.00186515121674674	0.237035552209986	0.563115402864283	0.23208612412712	0.251994321612837	0.279763591072011	0.252517756502732	0.376401202194144	0.199005612189423
G:	0.48178790953506	0.153115997745274	0.184481931524407	0.132281608822854	0.145427010667513	0.563115402864283	0.302970502983008	0.00186515121674674	0.0109721953969886	0.0125136783140903	0.923726613155297	0.00680825431948463	0.962606577177665	0.143632420680706	0.104344363341356	0.102717016926116	0.305020332650791	0.283519030552644	0.129073815410198	0.135058372211803	0.379012277982508
T:	0.268915617358182	0.233895337671398	0.348760393009019	0.200211832873361	0.274807757283392	0.169213988428915	0.391016393206789	0.00354000843569768	0.00930450739229549	0.0629812352469809	0.000778473283631465	0.972915042891231	0.0319882631698903	0.151593928438926	0.163326245365447	0.472036258574637	0.251508719598807	0.143079687262831	0.3939214082087	0.18352229174144	0.188380647208067
