Gene:  Cep3-primary  Motif:  TTCGGAAA  Enrichment Score:  0.4857367475292
A:	0.0883368384215027	0.240261657563454	0.230217097818731	0.132604340604353	0.40802943084768	0.107155455685377	0.0270641055879881	0.00470598351867327	0.00905559164336833	0.00477969901844581	0.00435572128131861	0.782734718454411	0.893803844024127	0.656926665172896	0.211357900612343	0.345363562770462	0.121460590225357	0.201521038282866	0.42074202225791	0.174433439354711
C:	0.183375543573901	0.150103712845321	0.434460650591207	0.307665214712973	0.147156221099523	0.570740049896465	0.365378235445176	0.0251549259129578	0.964232548311982	0.283477747595754	0.0144968640512805	0.0417573812885578	0.0120778921952619	0.140951620287924	0.3220702045107	0.278753385972339	0.1569357335806	0.15990335019502	0.111032953981407	0.129442957425272
G:	0.583010685517553	0.482535713976747	0.062505964750753	0.481742807032247	0.21274688341876	0.169786434150807	0.0920110994202242	0.0147386278217575	0.0178810907194771	0.707276235094145	0.974756367234815	0.142621468006396	0.0264066122621491	0.0984034082837107	0.108886607321086	0.148149259489666	0.186835262961086	0.433878571088506	0.295609324053788	0.565901513034156
T:	0.145276932487044	0.127098915614478	0.27281628683931	0.0779876376504275	0.232067464634037	0.152318060267351	0.515546559546612	0.955400462746611	0.00883076932517248	0.00446631829165485	0.00639104743258578	0.0328864322506348	0.0677116515184618	0.10371830625547	0.357685287555871	0.227733791767533	0.534768413232957	0.204697040433608	0.172615699706896	0.130222090185862
