Gene:  Cup9-primary  Motif:  ATGTGTCA  Enrichment Score:  0.499157484040037
A:	0.170257101892214	0.25666191879092	0.248766983620493	0.242485309520082	0.398027710258068	0.392692634375881	0.866531795176752	0.0299731479341806	0.0251832028120335	0.00420402766748514	0.00319843551012696	0.0248457235924833	0.00206295011331059	0.968219808301446	0.296483033504465	0.471637444669597	0.193899772820941	0.293383489095861	0.172234896470485	0.245435628626429
C:	0.141823505960896	0.184855638088384	0.2903804624879	0.311509654397845	0.105828747398297	0.0278937204019333	0.00241111127083754	0.00461854727885556	0.0189013885335075	0.0264483048736766	0.00358338077867299	0.0116762475211407	0.991568939415154	0.00445523987951621	0.317037297757521	0.156279617603388	0.159964347417615	0.235713027418493	0.24709045636058	0.249584479677366
G:	0.274255698729413	0.195389386818045	0.306364042480021	0.178022504491186	0.217936085511329	0.138332214783878	0.00596270481681193	0.00353016104639074	0.955141674939145	0.0012532272745743	0.991203366986239	0.00133993758599106	0.00253998648053894	0.0111957673643944	0.0949088393335089	0.114776813029724	0.218889530260574	0.17308881413431	0.217548669894436	0.182825037524361
T:	0.413663693417477	0.363093056302651	0.154488511411587	0.267982531590888	0.278207456832305	0.441081430438308	0.125094388735599	0.961878143740573	0.000773733715313772	0.968094440184264	0.00201481672496158	0.962138091300385	0.00382812399099652	0.016129184454643	0.291570829404506	0.257306124697292	0.427246349500871	0.297814669351337	0.363125977274498	0.322154854171844
