Gene:  Ecm22-primary  Motif:  CGGG....CGGA  Enrichment Score:  0.493074588723846
A:	0.255025302896724	0.166813687614935	0.0609424558606386	0.00676276099929596	0.013517497167781	0.0418930773302409	0.243399484081071	0.14039939150789	0.227825933735699	0.229200226891087	0.351338681359819	0.0173041022018474	0.00636636044451731	0.0195562748421272	0.927122398454529	0.401954949449562	0.339857219935635	0.340406113610569
C:	0.202988225026099	0.248870473149514	0.526312055612693	0.784300037985969	0.0311787895207809	0.00939853307232737	0.0217151462489138	0.260294855045236	0.295237550895645	0.0791901629226323	0.416335008430922	0.932451698134072	0.0402761131388697	0.0158465406771458	0.00630564716491501	0.277354598650641	0.295917649017101	0.162333669968369
G:	0.20321882813379	0.163441199470892	0.127339824868026	0.200540335083173	0.944801842836003	0.935754385703059	0.711629133260773	0.160786282505002	0.349487516255588	0.419888647802707	0.108538074845049	0.0133868781739809	0.951543574065389	0.963026357057177	0.0505757743931516	0.292984668478313	0.137643185164035	0.0822920496896169
T:	0.338767643943388	0.420874639764659	0.285405663658642	0.0083968659315622	0.010501870475435	0.0129540038943728	0.0232562364092422	0.438519470941872	0.127448999113068	0.271720962383574	0.123788235364211	0.0368573214900998	0.00181395235122383	0.00157082742354969	0.0159961799874047	0.0277057834214834	0.22658194588323	0.414968166731445
