Gene:  Fhl1-DBD-primary  Motif:  GACGCAAA  Enrichment Score:  0.4922327384458
A:	0.358019991921542	0.401635437556121	0.417175163473889	0.470693117291355	0.271874827467421	0.246209843544784	0.046210687060393	0.925629235019982	0.00343034102554674	0.00446645198770372	0.00769807824016072	0.907969546013565	0.648865214125432	0.505595815647887	0.236895314539864	0.30108913707414	0.25769999522921	0.197181471465738	0.271809243521605	0.171647599143125
C:	0.140341780256219	0.134921950013992	0.154843237598229	0.0887298537206029	0.115611188150009	0.249028470346636	0.0988289542855586	0.00704895729187235	0.984695362760355	0.000750240585099068	0.986001339943046	0.00566251857849693	0.210056796550074	0.0856067067616578	0.183329439473103	0.191763549739016	0.286641038655156	0.182345068095258	0.113256082483851	0.15483669694378
G:	0.278071761462112	0.320149050852612	0.175970087457475	0.237797066692949	0.22970052240964	0.207354339252956	0.837148821545601	0.0245170729576514	0.00235294235380808	0.948712803618732	0.00263869197149082	0.0655776181072719	0.0472467518828778	0.0437775878766712	0.177433558029511	0.175524507898169	0.179561559595752	0.39221944511513	0.14374851284562	0.286854475762377
T:	0.223566466360127	0.143293561577275	0.252011511470407	0.202779962295093	0.38281346197293	0.297407346855624	0.0178115371084471	0.0428047347304939	0.00952135386029063	0.0460705038084653	0.00366188984530214	0.0207903173006659	0.0938312374416161	0.365019889713784	0.402341687957522	0.331622805288674	0.276097406519882	0.228254015323874	0.471186161148924	0.386661228150718
