Gene:  Fkh1-FL-primary  Motif:  GTAAACAA  Enrichment Score:  0.499021239506
A:	0.17780101654627	0.247758470221417	0.520235113221963	0.526196817247031	0.365416474646222	0.119680521600573	0.146668855696929	0.00766595685409167	0.95943908812235	0.977188138144477	0.990082785956648	0.00116894374429075	0.990691671347465	0.874430074247235	0.671421822710633	0.248004169935564	0.374579172700198	0.284624182177228	0.205417498039017	0.421751380862446
C:	0.28787151785679	0.192206168476185	0.0840924218422608	0.0766024849451757	0.0730012569661123	0.146563965818773	0.0043771990896405	0.00366636866039523	0.0378461973963702	0.0117568087612363	0.00129381584246438	0.925524376959809	0.00139120400911603	0.0393875913979216	0.0495203141082493	0.191811806487592	0.158198365916299	0.184989757794144	0.116624212905921	0.192228222019151
G:	0.207941050585355	0.334211599344156	0.0981744994426584	0.129969087882695	0.150176381230329	0.133376012281359	0.847071901097855	0.000979988338793794	0.000884748407425773	0.00106371497388013	0.00274801991918649	0.00149452927509617	0.00315593140023281	0.0164788703869497	0.070947635812844	0.407778655413643	0.296866974478882	0.330032618617289	0.452186117373189	0.248442101977016
T:	0.326386415011585	0.225823761958243	0.297497965493118	0.267231609925098	0.411405887157337	0.600379500299295	0.00188204411557578	0.987687686146719	0.00182996607385433	0.009991338120407	0.00587537828170059	0.0718121500208036	0.00476119324318649	0.0697034639678941	0.208110227368274	0.1524053681632	0.170355486904622	0.200353441411339	0.225772171681874	0.137578295141387
