Gene:  Gat1-primary  Motif:  CCTTATCG  Enrichment Score:  0.497003306809431
A:	0.184489319398513	0.19394488131171	0.362249494597715	0.250889959681356	0.187175796471765	0.116800880742587	0.00789606285671385	0.00148637594785985	0.00333231238022145	0.0303077225773447	0.992153298963064	0.00186614511584478	0.00265524970214816	0.225575964007294	0.0216624096731289	0.267483105724396	0.29241913627998	0.272579921588072	0.252279971267015	0.292013209642071
C:	0.320416370150217	0.293889911142036	0.168746974670876	0.195094245147604	0.31510924310821	0.211529255553355	0.45720019012257	0.860265328305234	0.002954489333664	0.000515836549241842	0.00126741843378782	0.00238203673970094	0.992496098993029	0.00851298092145004	0.315548060944536	0.170553761652576	0.140310310969057	0.167488210111573	0.258378309165964	0.24842186097843
G:	0.228810424663518	0.234007303051161	0.232852317675857	0.127066758691836	0.113961325762918	0.188105044201439	0.244251709219557	0.132739355035392	0.00219737763044883	0.000866844665620637	0.0047736120147772	0.00222352823443805	0.00173109114896057	0.6597228649265	0.427548358978108	0.445715181638013	0.249222422666296	0.251997668189452	0.125586268707891	0.186465521994101
T:	0.266283885787752	0.278157904495093	0.236151213055552	0.426949036479204	0.383753634657107	0.483564819502619	0.29065203780116	0.00550894071151454	0.991515820655666	0.968309596207793	0.00180567058837146	0.993528289910016	0.00311756015586255	0.106188190144756	0.235241170404227	0.116247950985015	0.318048130084666	0.307934200110903	0.36375545085913	0.273099407385397
