Gene:  Gat3-primary  Motif:  AGATCTAC  Enrichment Score:  0.498934693095854
A:	0.16690094516032	0.601693110135014	0.518991672223112	0.453080944193271	0.248144364071974	0.0272188256947923	0.712360033907135	0.0228110058370899	0.967516643552751	0.162196374494051	0.000447395596945919	0.000740465618655616	0.972420873315056	0.0757428137491754	0.47063541780506	0.445469920539743	0.237981121367758	0.126305166728178	0.221224646117014	0.186861253272156
C:	0.273911351167	0.215776093706009	0.157782740288267	0.128661129427792	0.1880761679934	0.294014452573181	0.0108325906376238	0.00270574045786755	0.000327992816862941	0.00140015332529667	0.982459431699285	0.0703596157443346	0.00911118830325438	0.882572117805656	0.16451945453065	0.169448670119142	0.15582356694661	0.44071455590765	0.232505598393089	0.122958015263227
G:	0.266066650087272	0.0997350144973444	0.178094284719937	0.183479812776167	0.106680186819968	0.383198641022236	0.267111556348086	0.973524177237335	0.00183527487110484	0.000450314176705824	0.00226853730656678	0.000969319422960156	0.0163275032394556	0.0197334113762648	0.30803926789967	0.178998775232637	0.474589228617179	0.217326001749413	0.13662007286891	0.503507557329931
T:	0.293121053585407	0.0827957816616325	0.145131302768684	0.23477811360277	0.457099281114658	0.295568080709791	0.00969581910715602	0.000959076467707047	0.0303200887592814	0.835953158003946	0.0148246353972021	0.92793059921405	0.00214043514223404	0.0219516570689035	0.0568058597646202	0.206082634108478	0.131606083068453	0.215654275614758	0.409649682620988	0.186673174134686
