Gene:  Gat4-primary  Motif:  TAGATCTA  Enrichment Score:  0.499143694927877
A:	0.0693431421729583	0.293305862147417	0.307588056756792	0.269450457253039	0.474984736158829	0.433144225325185	0.017699108240849	0.857385064638418	0.0168599571766727	0.92791991801125	0.0689839502428821	0.00286858270394089	0.00176954319035107	0.815785006081478	0.122014890512197	0.374334042596013	0.188187287640593	0.235200004757383	0.254617324659809	0.242007144509929
C:	0.421043210491162	0.355303391593559	0.291733516242661	0.207957193057385	0.0733069380866335	0.250411347119783	0.134996343094296	0.00326198515396989	0.00225513479743515	0.00100774350779649	0.00208838823807188	0.978016325321951	0.137583407017261	0.0315195425833768	0.304310946795854	0.0983637865682734	0.558771593238592	0.135352940533274	0.336566111794205	0.353929253637246
G:	0.279765849193994	0.113974998336528	0.170496665179891	0.306044568292096	0.238081052053684	0.153680801773065	0.0315195425833768	0.137583407017261	0.978016325321951	0.00208838823807188	0.00100774350779649	0.00225513479743515	0.00326198515396989	0.134996343094296	0.0943416249429191	0.105234283823769	0.10358280650396	0.403261001965665	0.27994168818053	0.223752841120572
T:	0.229847798141886	0.237415747922496	0.230181761820655	0.216547781397481	0.213627273700853	0.162763625781967	0.815785006081478	0.00176954319035107	0.00286858270394089	0.0689839502428821	0.92791991801125	0.0168599571766727	0.857385064638418	0.017699108240849	0.479332537749029	0.422067887011945	0.149458312616854	0.226186052743678	0.128874875365456	0.180310760732254
