Gene:  Gcn4-DBD-primary  Motif:  ATGA.TCAT  Enrichment Score:  0.499456972766478
A:	0.218875894807811	0.371900323601309	0.362309398309078	0.282248580103595	0.275250306549214	0.169338286056708	0.535032496853113	0.0111555070806729	0.00294672401972568	0.968059944760908	0.00201639954716619	0.0137504228395504	0.057173963779379	0.973942533880965	0.0157601594356066	0.37628519772394	0.207472028032509	0.284824218236404	0.226841720370159	0.254429818020966	0.337121601108703
C:	0.295285761154032	0.217136326562863	0.213515230127601	0.119556980364684	0.177812063443863	0.140026895141727	0.0354909149279158	0.00849235579257059	0.00526622148003517	0.0137288133116085	0.433604573520532	0.00446081908793285	0.93461309072086	0.00640960324579119	0.413716428783364	0.290543012066118	0.354174350442258	0.216321553100777	0.234242134866253	0.329351216562349	0.169572120462846
G:	0.245350287645618	0.268442012462345	0.150413169045261	0.325538728344973	0.316712577950312	0.365569380524405	0.413716428783364	0.00640960324579119	0.93461309072086	0.00446081908793285	0.562692636671638	0.0137288133116085	0.00526622148003517	0.00849235579257059	0.0354909149279158	0.131063413559691	0.194136486734631	0.202519980447201	0.177080510226423	0.232931063051869	0.195610769220698
T:	0.240488056392539	0.142521337373483	0.273762202518061	0.272655711186748	0.23022505205661	0.32506543827716	0.0157601594356066	0.973942533880965	0.057173963779379	0.0137504228395504	0.00168639026066391	0.968059944760908	0.00294672401972568	0.0111555070806729	0.535032496853113	0.202108376650251	0.244217134790601	0.296334248215617	0.361835634537165	0.183287902364816	0.297695509207753
