Gene:  Gln3-primary  Motif:  G.C.TTATCA  Enrichment Score:  0.486004526968142
A:	0.30272170486809	0.10147063800532	0.256412869334813	0.335397768370663	0.301816810124261	0.183073432824714	0.0298631762428906	0.0286616098400348	0.0921740567168753	0.00847147525022161	0.0542873340907831	0.991650055025342	0.00328277763690194	0.00396793930134082	0.634187751025917	0.293489247728902	0.186527931943568	0.395043579524966	0.457305149421059	0.267764249959656	0.495625655494855
C:	0.147999046836267	0.10507457633393	0.0589786684381304	0.120353612490481	0.246368698943654	0.0548825435243102	0.320572722852839	0.833883067232623	0.501638678145647	0.0405234397790313	0.0006704418391932	0.00186973373363828	0.00249638647388194	0.988620624614118	0.00290039134688612	0.081012579876595	0.378812162371624	0.254092876283046	0.253513241554685	0.10323407475458	0.215857287865002
G:	0.356728756282892	0.347334646664216	0.0333497159415325	0.174822292747107	0.160773640269955	0.686321514690414	0.524043687562077	0.054118063323675	0.209708244431938	0.00588069108703916	0.00412882015498955	0.00416706522781219	0.00193128046084679	0.00116121373725371	0.118226553457691	0.525939384119325	0.252276921386231	0.204913908353486	0.143277101682081	0.167745862641694	0.177588120843012
T:	0.192550492012751	0.446120138996535	0.651258746285524	0.36942632639175	0.29104085066213	0.0757225089605612	0.125520413342194	0.0833372596036671	0.19647902070554	0.945124393883708	0.940913403915034	0.00231314601320752	0.992289555428369	0.00625022234728702	0.244685304169506	0.0995587882751775	0.182382984298576	0.145949635838501	0.145904507342175	0.46125581264407	0.110928935797131
