Gene:  Gzf3-primary  Motif:  CTGATAAG  Enrichment Score:  0.496798676798928
A:	0.145953098362006	0.258076072396902	0.263159591608611	0.257620833510119	0.257253449915585	0.319575817504659	0.131879842056059	0.0382123695495442	0.00230581749089023	0.993473078771632	0.00300889946443366	0.980103087313418	0.989759661033188	0.00918483356954685	0.273019543312639	0.277780920312668	0.506694659855186	0.244930605921456	0.33951620033271	0.320434239840519
C:	0.0848805625263957	0.244482480533301	0.265971473593864	0.326961491643436	0.15950117579726	0.0746482623688738	0.71905784516435	0.267553408527498	0.00124684704688795	0.00134814785814394	0.00273429099452814	0.00139349951054409	0.00308130102476384	0.0555418745023043	0.221620012310821	0.168640529398875	0.134187743748262	0.228267508471987	0.15806639693795	0.254685268091384
G:	0.163624270396972	0.218826066464484	0.270580849834796	0.176042042067401	0.358541513832141	0.434398073496853	0.0381686364569244	0.00369517547741682	0.993960943073202	0.00287099431868876	0.00161360825621672	0.00033115135833276	0.00383596227715508	0.932046419822405	0.494729089343425	0.437310187977934	0.111653065795165	0.249002963123903	0.225274533916187	0.158153971631408
T:	0.605542068714627	0.278615380605314	0.200288084962728	0.239375632779045	0.224703860455015	0.171377846629614	0.110893676322666	0.690539046445541	0.00248639238902006	0.00230777905153505	0.992643201284822	0.0181722618177053	0.00332307566489342	0.00322687210574398	0.0106313550331151	0.116268362310523	0.247464530601386	0.277798922482654	0.277142868813152	0.26672652043669
