Gene:  Hal9-primary  Motif:  TCCG..........CGGA  Enrichment Score:  0.493594357276522
A:	0.0103706259773572	0.0434202384897794	0.00534704206754884	0.00756673824440105	0.25	0.25	0.25	0.25	0.25	0.25	0.25	0.25	0.25	0.126474635903804	0.0631287345556386	0.0631021157658913	0.0111068556058979	0.74644902864873
C:	0.0565823334679083	0.906685744401951	0.842046011574487	0.033952962650894	0.25	0.25	0.25	0.25	0.25	0.25	0.25	0.25	0.25	0.309147316268134	0.895351564549066	0.0895048305920726	0.0387871615023718	0.186598011906005
G:	0.186598011906005	0.0387871615023718	0.0895048305920726	0.895351564549066	0.25	0.25	0.25	0.25	0.25	0.25	0.25	0.25	0.25	0.433193442812984	0.033952962650894	0.842046011574487	0.906685744401951	0.0565823334679083
T:	0.74644902864873	0.0111068556058979	0.0631021157658913	0.0631287345556386	0.25	0.25	0.25	0.25	0.25	0.25	0.25	0.25	0.25	0.131184605015078	0.00756673824440105	0.00534704206754884	0.0434202384897794	0.0103706259773572
