Gene:  Leu3-primary  Motif:  ACCGGCG.A  Enrichment Score:  0.494936218122338
A:	0.160611439213725	0.24474175428134	0.334831853007864	0.539271639450463	0.30037561627416	0.299971121389479	0.834365555877436	0.0418182054859664	0.0104517107974577	0.00444528891950079	0.00137423770752831	0.241104944533078	0.118972893959612	0.503123194803935	0.593565065213448	0.31307413134641	0.193382553769036	0.183040458565799	0.154100198744799	0.548975841507375	0.369352888856424
C:	0.237553833802131	0.299215804908198	0.32979784912791	0.140249850485886	0.205039882506359	0.0835696738807368	0.0087183262730139	0.926790139708011	0.981147546369951	0.00481025285207292	0.0521232057369386	0.652221173872248	0.0468743972964436	0.0554230026293581	0.0895482230366602	0.195095944502776	0.167443299080179	0.544083273389894	0.0901538181554285	0.139297059204897	0.0844609839383429
G:	0.215314676222541	0.211300686529122	0.106097208955648	0.171628936937503	0.230230326787138	0.227083179966075	0.0857631361715383	0.0157192791533846	0.00744621809150751	0.98857409377982	0.944287658992568	0.0497666315866723	0.770419581318476	0.0910790143336174	0.0838141242407682	0.192778656358159	0.271068029351668	0.0942552782732252	0.223180980094415	0.130060760239059	0.329247220134001
T:	0.386520050761602	0.24474175428134	0.229273088908577	0.148849573126149	0.264354174432343	0.389376024763709	0.0711529816780121	0.015672375652638	0.000954524741083366	0.00217036444860625	0.00221489756296532	0.056907250008002	0.0637331274254688	0.350374788233089	0.233072587509124	0.299051267792655	0.368106117799116	0.178620989771082	0.532565003005358	0.18166633904867	0.216938907071232
