Gene:  Matalpha2-primary  Motif:  AACAATAG  Enrichment Score:  0.488292533518962
A:	0.251029206534303	0.198158502850078	0.266740007072379	0.24589836270116	0.347884802670391	0.325163367272513	0.842650413970249	0.992314654084012	0.00238438869109596	0.992589551661893	0.99268053637845	0.0120177543644698	0.75214214645687	0.077251608532474	0.344346945297005	0.293718136806446	0.205106577740691	0.175031239793437	0.277840571276847	0.242789846391788
C:	0.266016394317536	0.200867877972792	0.170516884781612	0.236740889043249	0.127199027859176	0.11952017121052	0.0446135339450761	0.00140405770974577	0.978260371341853	0.00201735760080297	0.00151788699822146	0.00119315976813199	0.013560297109532	0.0658673590471511	0.205529706878621	0.295726574048186	0.301816338580803	0.228325396248339	0.362276077663179	0.318674644243253
G:	0.191093512789327	0.208062506773368	0.300283819005905	0.219514151813475	0.24837237227681	0.365530468056453	0.0758283471048078	0.00187678120394364	0.00210119466118803	0.00196641469697815	0.00213949216783875	0.0025368199421928	0.0961657833349412	0.816660836428301	0.178132836590268	0.229882382288354	0.205106577740691	0.214130127332515	0.11924171911672	0.202049018058871
T:	0.291860886358834	0.392911112403762	0.262459289140104	0.297846596442116	0.276543797193622	0.189785993460513	0.0369077049798672	0.00440450700229892	0.0172540453058629	0.00342667604032602	0.00366208445549004	0.984252265925205	0.138131773098657	0.0402201959920742	0.271990511234106	0.180672906857014	0.287970505937815	0.382513236625709	0.240641631943254	0.236486491306088
