Gene:  Mbp1-primary  Motif:  ACGCGTCA  Enrichment Score:  0.498727274259754
A:	0.200057098087855	0.269318831556322	0.194603228646617	0.363160250019227	0.274560808644534	0.229711596639906	0.937883911514971	0.00080559600297315	0.0454521578962412	0.000716179054464305	0.00215985446030064	0.0304223380201793	0.0724589744729064	0.719575740793334	0.264461220412216	0.409666328654305	0.253458624314214	0.250491971624673	0.343124241793357	0.530511380816092
C:	0.161649547629583	0.181135916137321	0.224056553336093	0.120527447905178	0.327543685380609	0.0661200431194257	0.00188857179893147	0.989557603889542	0.000964366704069798	0.935480388373289	0.0125414647625078	0.00799857105610046	0.662993098932828	0.0194549223091148	0.207243183019593	0.201834468474679	0.240632813521777	0.217868501909986	0.404609302044962	0.209941019789512
G:	0.25071706091596	0.42577478211999	0.386686314501915	0.36376573632034	0.142974483284969	0.53705313225127	0.0143728785792393	0.00410734198871949	0.952767344215112	0.000924158848550003	0.984583485747513	0.00156691899979572	0.21790668366967	0.205750205562576	0.345012892277487	0.280999003408293	0.141579409485631	0.441275524323749	0.118661752644521	0.137250364124288
T:	0.387576293366602	0.123770470186367	0.194653903515375	0.152546565755255	0.254921022689889	0.167115227989398	0.0458546381068585	0.00552945811876523	0.000816131184577343	0.0628792737236965	0.000715195029678527	0.960012171923925	0.046641242924596	0.0552191313349749	0.183282704290704	0.107500199462723	0.364329152678378	0.0903640021415919	0.13360470351716	0.122297235270109
