Gene:  Met32-primary  Motif:  A.TGTGGCG  Enrichment Score:  0.499237400583431
A:	0.183179623948405	0.149091609452872	0.127024707384476	0.21312380605755	0.286385171150364	0.414265764754243	0.746088770591737	0.0718028710225998	0.00913730265790391	0.0191198154893627	0.0070998419639146	0.00232747881303913	0.00359274486401662	0.00647498453662229	0.0231633117058778	0.00640914481794923	0.113320282062441	0.160315909768499	0.239283388417383	0.239609422919806	0.327484028066684
C:	0.216856053918775	0.343846619613877	0.286686097759135	0.349406918019087	0.231008233123857	0.13827876656513	0.0212355354249312	0.395019275994546	0.00843788069862066	0.000988193383804747	0.00396756010409488	0.00307391463925316	0.00190916871531119	0.984821426229207	0.00325947706724827	0.608921442172927	0.45677346279995	0.301359620376888	0.258725498750359	0.225926565116693	0.254376829077538
G:	0.260790532517323	0.232804658070874	0.219024399076363	0.183118708932754	0.246014735568731	0.114520275595278	0.155149869581973	0.456187845671789	0.0113311513629469	0.978254809929823	0.00570591465652187	0.991445227132041	0.991672062124161	0.00203464993458016	0.822531990601504	0.0575192581907878	0.246981652249733	0.245686833009731	0.288629877349619	0.214141919014742	0.222637668478247
T:	0.339173789615497	0.274257112862378	0.367264795780026	0.254350566990608	0.236591860157048	0.332935193085348	0.0775258244013589	0.0769900073110645	0.971093665280529	0.00163718119700993	0.983226683275469	0.00315337941566718	0.00282602429651141	0.00666893929959068	0.15104522062537	0.327150154818336	0.182924602887877	0.292637636844883	0.213361235482638	0.320322092948758	0.195501474377531
