Gene:  Mga1-primary  Motif:  A.AGAACAC  Enrichment Score:  0.492306498591415
A:	0.384400348054344	0.305497046073693	0.240324371444068	0.36746478220006	0.25235080201706	0.116123472711284	0.787523854597143	0.192128157111092	0.701878249111283	0.00595782528517853	0.990945019485691	0.990158037658065	0.012060633769599	0.844482739363353	0.0684628685839901	0.203934879164982	0.301779682770766	0.291805266119096	0.44163584095161	0.440656336281523	0.342717363192118
C:	0.0918099103640662	0.124108011504974	0.268372424724671	0.171074182231969	0.280393827763855	0.204732274770747	0.0031131782976593	0.11009124752684	0.197150561540576	0.00219467231683315	0.00216670304696354	0.00205503697610561	0.815521639718549	0.0398660891081945	0.505913294416764	0.180833103027011	0.353364786096755	0.268294774191162	0.0709326757696918	0.16837939696829	0.295432804990314
G:	0.206640357621618	0.376159445054276	0.318892464624566	0.306966316375945	0.194184123192552	0.230470255518206	0.1981742285785	0.166048303243052	0.0983104071501615	0.989258488442204	0.00390672659568977	0.00201853112437178	0.0157938569971691	0.0827397362354487	0.0704736103070889	0.195812544133999	0.0845452568576565	0.0975539210151131	0.229975509223679	0.105266420757698	0.216897189653613
T:	0.317149383959971	0.194235497367057	0.172410739206695	0.154494719192025	0.273071247026533	0.448673996999764	0.0111887385266983	0.531732292119016	0.00266078219797987	0.00258901395578439	0.00298155087165602	0.00576839424145748	0.156623869514683	0.0329114352930041	0.355150226692156	0.419419473674008	0.260310274274823	0.342346038674629	0.257455974055019	0.28569784599249	0.144952642163955
