Gene:  Mig1-primary  Motif:  AA.GCGGGG  Enrichment Score:  0.496895755125614
A:	0.227803086037971	0.304418113260319	0.44776757594722	0.566742600501985	0.430392652747271	0.337945502146704	0.710375457778704	0.766379107186479	0.0707446974457731	0.0062051023266637	0.00435938817004998	0.00148409972114262	0.0028021622810555	0.0522110731507016	0.00694422229983977	0.0808012505318237	0.45911214105643	0.306829780079599	0.268049829465637	0.345512634189367	0.174044615110447
C:	0.188417132500032	0.162314633863411	0.145438889197767	0.0382188719267571	0.0496972441933571	0.0991614951822804	0.0665402611695172	0.0422863400965448	0.132213135735347	0.0420472789205912	0.779220922990459	0.00451917770380136	0.00275486372527724	0.00117433802545397	0.00137356133144941	0.0148304505793713	0.0375183121749853	0.327750484316737	0.225856837565124	0.11015988991179	0.0741805792935567
G:	0.315278171588745	0.219630246033875	0.205050099448902	0.138191914259755	0.253399955191042	0.178927492767318	0.141406870446047	0.129483396934758	0.0584035327065899	0.947652419039066	0.0035197477195064	0.989896859524604	0.992662066214169	0.945895796256702	0.988431699990139	0.605540725689319	0.447558108311111	0.187091371555164	0.150269710331836	0.0620633886534441	0.401765283318147
T:	0.268501609873252	0.313637006842396	0.201743435406111	0.256846613311503	0.26651014786833	0.383965509903697	0.0816774106057316	0.0618511557822183	0.73863863411229	0.00409519971367926	0.212899941119985	0.00409986305045171	0.0017809077794988	0.000718792567142971	0.00325051637857227	0.298827573199486	0.0558114384574731	0.1783283640485	0.355823622637403	0.482264087245399	0.350009522277849
