Gene:  Mig2-primary  Motif:  T.CCCCGCA  Enrichment Score:  0.498964357981613
A:	0.34182386455402	0.0940031988328021	0.355471204764579	0.280077133632137	0.325905286443201	0.155365986501974	0.151148726519833	0.718970113426055	0.00742241613468184	0.000437579597555435	0.00175061195974591	0.001339451032513	0.237352331460679	0.000503095708040254	0.891904972804896	0.403754721645575	0.207074423971971	0.240751814476529	0.371173010757102	0.333599665413557	0.100624174669679
C:	0.214241612856407	0.4156036702259	0.10017624738843	0.198141908378106	0.114018253376961	0.353891789028675	0.0660332059722901	0.0634471611818306	0.988870387199737	0.957174362973912	0.993308088929478	0.991963412645892	0.00185957957458033	0.953736470304539	0.0129845753912127	0.160561955087508	0.0674646248681346	0.207117108673403	0.14584645356066	0.210595302715753	0.229279063088022
G:	0.167675599060845	0.108984102203249	0.404170670453664	0.224168381604204	0.424085191033987	0.0675888589451734	0.0686276421227921	0.179028602557936	0.000451097271882791	0.000753408753716119	0.00353268065628982	0.0052208177324536	0.759799446140135	0.0441618073382873	0.0863981961846224	0.0459404239207311	0.0222486125236185	0.112172500386433	0.186575509411299	0.294837678000874	0.279239444007385
T:	0.276258923528727	0.381409028738049	0.140181877393327	0.297612576385554	0.135991269145851	0.423153365524177	0.714190425385085	0.0385541228341783	0.00325609939369875	0.0416346486748165	0.00140861845448645	0.00147631858914178	0.000988642824606442	0.00159862664913357	0.00871225561926874	0.389742899346186	0.703212338636276	0.439958576463635	0.296405026270939	0.160967353869816	0.390857318234914
