Gene:  Mig3-primary  Motif:  T.CCCCGCA  Enrichment Score:  0.498664645013699
A:	0.528355247519144	0.119684959357237	0.290720775122706	0.178981861089758	0.283672404383421	0.177784974924837	0.215228683534458	0.753190943904217	0.00671950141499325	0.000707202186664691	0.00109869492526533	0.00131409953286236	0.214083818784934	0.00215692593958647	0.835390579709227	0.325107946062094	0.251049698717273	0.179412650695774	0.40199203194994	0.308884755406489	0.126002059292324
C:	0.193661236727706	0.519421344324672	0.212423102872056	0.290578328898053	0.114906334641849	0.300451130662695	0.109357930095203	0.0999065967334203	0.988998897556924	0.971830965489204	0.993101919203442	0.990288430840704	0.00286838063915833	0.930790770765069	0.0193960585664433	0.10592869757118	0.0977916567191695	0.235322467998645	0.102745374853966	0.223438598025786	0.144252307581674
G:	0.123573223759871	0.124872774409772	0.300660392067707	0.180403281981164	0.491952213320242	0.0634566934400351	0.0597956133644753	0.106288167990507	0.00095497364165814	0.00125277570245322	0.00302239138308236	0.00703489195735858	0.781682378622271	0.0661765192241777	0.133135681961558	0.0588655978375078	0.0241421123574257	0.114727489156114	0.241116612526761	0.259137448527553	0.332799464349932
T:	0.154410291993278	0.236020921908318	0.196195729937531	0.350036528031026	0.109469047654487	0.458307200972433	0.615617773005863	0.0406142913718554	0.00332662738642416	0.0262090566216783	0.00277699448821006	0.0013625776690757	0.00136542195363619	0.000875784071166626	0.0120776797627716	0.510097758529218	0.627016532206132	0.470537392149468	0.254145980669333	0.208539198040172	0.396946168776071
