Gene:  Ndt80-primary  Motif:  G.CACAAAA  Enrichment Score:  0.498763335247903
A:	0.289680064936804	0.197658145873773	0.169336955639527	0.215888359437151	0.201577965284753	0.0994005396895684	0.188009640464891	0.444225485426146	0.0122119121430915	0.940416224635544	0.0184480552237061	0.965515356031076	0.97028050285892	0.945264712072399	0.713859244019229	0.496837718426742	0.123789235492792	0.127851332915119	0.314093221933278	0.360795034788049	0.47779930661742
C:	0.282372392965018	0.276890688077662	0.213956772228426	0.403718203711926	0.430686670925133	0.114555534945928	0.0201965868873704	0.483732951640646	0.948956696790325	0.00780169810132623	0.96769137909564	0.00410754160308171	0.00501307289695241	0.00352768090803965	0.0248649805672285	0.178778962015409	0.630913405814348	0.329570540306015	0.330225004872906	0.177409806674871	0.192623558199095
G:	0.118089445231189	0.160835461655961	0.172988164157496	0.140864248428669	0.176250891549316	0.495278786910652	0.675723783001078	0.0419694564736715	0.00454355457083358	0.0453302541767925	0.00696028366491086	0.00959895484697633	0.0158800132583992	0.014206337342122	0.23674430793706	0.0824458520811834	0.0957306760973253	0.44009936317981	0.277595325049224	0.230168913267327	0.174716889513665
T:	0.309858096866988	0.364615704392604	0.44371810797455	0.239529188422254	0.191484472240799	0.290765138453852	0.11606998964666	0.0300721064595368	0.0342878364957501	0.00645182308633721	0.00690028201574282	0.0207781475188653	0.00882641098572795	0.0370012696774392	0.0245314674764822	0.241937467476665	0.149566682595535	0.102478763599057	0.0780864481445925	0.231626245269753	0.154860245669819
