Gene:  Nhp6a-primary  Motif:  C..TATATAA  Enrichment Score:  0.487534191357558
A:	0.306208277800207	0.242792334871695	0.236326258072678	0.380412027408005	0.285215006525261	0.104902987445139	0.339673837489921	0.491194013122828	0.11411152540493	0.903898971362374	0.126632854891304	0.847546768541762	0.0571243459895027	0.746131120946207	0.650041201684209	0.377631460271606	0.375958930905329	0.41691688914819	0.2864760118401	0.313653275977395	0.329413641019586
C:	0.279428208417991	0.217337704792847	0.153187559502413	0.212293014861107	0.333862458400807	0.516863399683114	0.130592845313206	0.250646258519078	0.0240724543668862	0.0107360741266707	0.0296746540902564	0.0162632371916559	0.042785654755146	0.0168188807163305	0.030108651213122	0.136574568535104	0.138822291021244	0.111032025015862	0.154888602858731	0.147316064072007	0.289396994166063
G:	0.214234913427832	0.0834791124796659	0.311527463358152	0.151530981825508	0.0994698851573521	0.0491632989482806	0.0715947932491642	0.0643317361219666	0.00646806698401446	0.0267003931005088	0.00836368504435423	0.0438665677971127	0.0285793827907911	0.0208194793979219	0.153277471394765	0.137405681169878	0.138863583485811	0.172231977305254	0.124152733692619	0.314710432603307	0.0968513483744734
T:	0.200128600353971	0.456390847855792	0.298958719066756	0.25576397590538	0.28145264991658	0.329070313923467	0.458138523947709	0.193827992236127	0.855347953244169	0.0586645614104469	0.835328805974085	0.0923234264694694	0.87151061646456	0.216230518939541	0.166572675707904	0.348388290023412	0.346355194587615	0.299819108530695	0.434482651608549	0.224320227347291	0.284338016439878
