Gene:  Nhp6b-primary  Motif:  TATATATA  Enrichment Score:  0.4816594076873
A:	0.182042484180565	0.217011996368656	0.135552925233865	0.376644364351339	0.195358334640421	0.154773716524175	0.393810906128399	0.578521308816065	0.169071355787982	0.807796152931715	0.092325114436923	0.749131820391753	0.279623930131718	0.510088126274236	0.461268676865495	0.37244594881922	0.465869718851416	0.20282137498568	0.287801300131094	0.287291139033908
C:	0.30441967615486	0.225209011271661	0.108931763834167	0.208832934579084	0.316233782982292	0.317516273012762	0.0698980570505381	0.0899026045803734	0.0656602669259184	0.0327995725476442	0.0670791600837182	0.0161365568943464	0.0519521564718433	0.0262029105468268	0.0965934910257327	0.106653046426516	0.0842023112509168	0.160353393557339	0.120317377275874	0.257449519679868
G:	0.099351295596927	0.21655027398518	0.107983526259894	0.0778819623871129	0.111897320155693	0.143266305638967	0.0262029105468268	0.0519521564718433	0.0161365568943464	0.0670791600837182	0.0327995725476442	0.0656602669259184	0.0899026045803735	0.0698980570505381	0.121821588969393	0.111806957960588	0.33624207560995	0.30268790336619	0.339172692588729	0.252874807118288
T:	0.414186544067648	0.341228718374502	0.647531784672074	0.336640738682465	0.376510562221594	0.384443704824096	0.510088126274236	0.279623930131718	0.749131820391753	0.092325114436923	0.807796152931715	0.169071355787982	0.578521308816065	0.393810906128399	0.320316243139379	0.409094046793676	0.113685894287717	0.33413732809079	0.252708630004303	0.202384534167937
