Gene:  Nrg1-primary  Motif:  CAGGGTCC  Enrichment Score:  0.499264979731403
A:	0.18166223662056	0.243075281841787	0.293042033879673	0.259299381197464	0.419741345411381	0.213418898506215	0.455923578124427	0.960185700112186	0.00254854863258818	0.0025003517286723	0.01164273080136	0.0710991924832412	0.00492624071884398	0.00360466391105458	0.503965813967055	0.245695052579514	0.124433566160558	0.224563366870188	0.206859685364743	0.325448095856505
C:	0.404050823301076	0.225420065619279	0.250903741141779	0.239494901318906	0.112227154330491	0.255061159792912	0.488369221881318	0.00325999801804602	0.00155370254293637	0.00164613362156142	0.000722654694804518	0.011475832586118	0.928696571632541	0.820187572754789	0.0877852454500381	0.202644444137164	0.30328670542283	0.0678830408999123	0.400739102906881	0.171289887487081
G:	0.14320295118969	0.199326608717441	0.278378706867539	0.262427784311957	0.269865781718632	0.0922961989849946	0.00912890344048088	0.0360776759653198	0.991712958586836	0.99311645554907	0.98604375371922	0.00213531422862633	0.00247723425877729	0.00315482930758054	0.0391991820113307	0.239756642679448	0.269368011619785	0.548299758089974	0.22898271761483	0.233772020589049
T:	0.271083988888674	0.332178043821493	0.177675518111009	0.238777933171673	0.198165718539497	0.439223742715879	0.046578296553774	0.000476625904448366	0.00418479023763992	0.00273705910069661	0.0015908607846156	0.915289660702014	0.0638999533898376	0.173052934026576	0.369049758571576	0.311903860603875	0.302911716796827	0.159253834139926	0.163418494113546	0.269489996067366
