Gene:  Oaf1-DBD-primary  Motif:  TAA.TCCGA  Enrichment Score:  0.477559007748073
A:	0.101645685083605	0.198506423991249	0.155751029201228	0.234116668678223	0.155290306866869	0.304946820058216	0.115133354109972	0.856092465757419	0.484141263028367	0.437612035492489	0.0134388094667582	0.0027718278843841	0.00455249915313153	0.00799194827609621	0.650514287278528	0.39616682018089	0.427356787731937	0.139228110189469	0.222106731484904	0.235081730331033	0.276697449572744
C:	0.226989245268025	0.29887257627679	0.243974788662641	0.233287919738565	0.391341961920406	0.106169259496275	0.034955253229221	0.0132576964958917	0.023227998949381	0.19930814354383	0.183364277501777	0.982737056561386	0.960685151870492	0.0053968352510515	0.0187207852307649	0.198140388012812	0.243779162701967	0.236730383060448	0.259988474391475	0.156708178007219	0.222535012691857
G:	0.167550252820278	0.131835007137747	0.292962686856645	0.329214657189567	0.267976083416325	0.111623452010716	0.0313063347592996	0.00809017957819476	0.0460156507613331	0.16936459151444	0.0849975448217332	0.00861494619422931	0.0299162978649958	0.981822442994717	0.259638119210316	0.223636402348339	0.222859445039721	0.186091689514411	0.268303834964625	0.239714952910609	0.246034980179824
T:	0.503814816828091	0.370785992594214	0.307311495279487	0.203380754393646	0.1853916477964	0.477260468434793	0.818605057901507	0.122559658168495	0.446615087260919	0.193715229449241	0.718199368209732	0.00587616936000096	0.00484605111138089	0.00478877347813545	0.0711268082803916	0.182056389457959	0.106004604526376	0.437949817235672	0.249600959158997	0.368495138751139	0.254732557555576
