Gene:  Pbf1-primary  Motif:  A.CTCATCG  Enrichment Score:  0.497189605760846
A:	0.362632547818772	0.144539630603275	0.101039967687177	0.239152356642897	0.369306110662578	0.212274230175981	0.649222750026819	0.0678946610337156	0.0207388034730324	0.00217773079804427	0.00221128445999453	0.975877157027427	0.00160126590528674	0.000930504352635028	0.0525029002585719	0.135668323954817	0.18105853138526	0.232197298910579	0.187038589819291	0.30613053896106	0.201410307690105
C:	0.188775804686288	0.213056678215841	0.261938162139002	0.327395945497851	0.116960047330023	0.366126381569192	0.0507702255759115	0.396767616898142	0.784231656933799	0.0297543331022906	0.991715653786459	0.000716376569331117	0.00114857134436165	0.97891975802485	0.0199617091978257	0.655521143491277	0.300320363316173	0.282110348635316	0.280278067369608	0.212996404004899	0.15083026270249
G:	0.218330855498445	0.369378421265414	0.370227415660253	0.206691695190847	0.235545056377669	0.133513282251935	0.0965186998622516	0.436349933470466	0.193365856836067	0.046348887074652	0.00237263829761603	0.0017574982252411	0.0185659352034086	0.00161330910063536	0.869928960491835	0.186370768829182	0.383205526615999	0.109534481635278	0.111074771881229	0.172574962793649	0.320412577202119
T:	0.230260791996495	0.27302526991547	0.266794454513568	0.226760002668406	0.27818878562973	0.288086106002892	0.203488324535018	0.0989877885976767	0.0016636827571015	0.921719049025013	0.00370042345593053	0.0216489681780004	0.978684227546943	0.0185364285218801	0.057606430051767	0.0224397637247245	0.135415578682568	0.376157870818827	0.421608570929871	0.308298094240393	0.327346852405286
