Gene:  Pdr1-DBD-primary  Motif:  TTCCGGAA  Enrichment Score:  0.471957311534968
A:	0.205942189126216	0.376419877956988	0.315749613555315	0.494967766908624	0.214482750781606	0.21034248686246	0.130334174710531	0.0685166057817127	0.0407985549584409	0.00895532898690305	0.0181335070222929	0.159733675926689	0.819424202648025	0.724422153299832	0.161591459169262	0.389412640286339	0.236743032552578	0.322333041073471	0.372332048029441	0.529420837150188
C:	0.110760537732013	0.111569679504147	0.0916648219678482	0.0468040901946008	0.417143604477964	0.24233956859961	0.128621722488924	0.0537141756404864	0.771581496904083	0.93086886241169	0.0420423015791136	0.0278862722107878	0.058345015929776	0.0166219495007136	0.309590722995979	0.0771161139839482	0.372450575991793	0.134435420940536	0.155596650441954	0.0720085560464561
G:	0.462554742273248	0.121729201098757	0.383911893331802	0.228273685499231	0.276678835390167	0.236136618516974	0.0166219495007136	0.058345015929776	0.0278862722107878	0.0420423015791136	0.930868862411691	0.771581496904083	0.0537141756404864	0.128621722488924	0.205840819904052	0.32524078640911	0.137162895475329	0.186942500122025	0.308155068431645	0.36659424747563
T:	0.220742530868523	0.390281241440108	0.208673671145034	0.229954457397544	0.0916948093502626	0.311181326020956	0.724422153299832	0.819424202648025	0.159733675926689	0.0181335070222929	0.00895532898690305	0.0407985549584409	0.0685166057817127	0.130334174710531	0.322976997930706	0.208230459320602	0.253643495980301	0.356289037863968	0.163916233096961	0.0319763593277263
