Gene:  Phd1-FL-primary  Motif:  CATGCAT.A  Enrichment Score:  0.493895503605827
A:	0.397004440516663	0.313237288414844	0.171562697161654	0.164486862479011	0.507873156810387	0.297631956319982	0.0411029705467116	0.605503032944136	0.00437890809180217	0.0146670614027289	0.00503255503881602	0.966288382455226	0.0141741869945828	0.29701633270272	0.623971279932552	0.322933336524897	0.24058431039867	0.287551349216874	0.328263046982861	0.270065080456016	0.127741674479249
C:	0.102901218424865	0.148050870905469	0.146560518007808	0.130646679421236	0.145410847191583	0.257911844646628	0.686200528411977	0.215066287994813	0.0355614733082129	0.00557833493267628	0.971279490644138	0.0036498313264548	0.0264773206559077	0.524548828051408	0.0833021057929667	0.322411435396175	0.244443955441272	0.22881574407846	0.224786843327914	0.206499788786491	0.146852795192206
G:	0.420336426358277	0.38887438995192	0.420444406902663	0.446301918403492	0.166761200385959	0.328557156689027	0.191170610860171	0.0991305971412332	0.0027560551707305	0.975822087823978	0.00228876151809217	0.0216462185070214	0.204039479971431	0.115697843612047	0.0981407372128213	0.205091627415697	0.40954907458886	0.395566676718175	0.11820602707947	0.30268238678302	0.608768193640523
T:	0.0797579147001962	0.149837450727767	0.261432377927876	0.258564539696262	0.179954795612071	0.115899042344363	0.0815258901811405	0.0803000819198179	0.957303563429254	0.00393251584061717	0.0213991927989542	0.0084155677112974	0.755309012378078	0.0627369956338241	0.19458587706166	0.149563600663231	0.105422659571199	0.0880662299864904	0.328744082609755	0.220752743974473	0.116637336688021
