Gene:  Pho2-DBD-primary  Motif:  TTAATTAA  Enrichment Score:  0.495633931804145
A:	0.244191949141047	0.182955901459927	0.186989639394738	0.267326872187474	0.250606167040112	0.503218730251812	0.0635508832580751	0.198397737993475	0.76731601210906	0.810313434937442	0.181953506567526	0.198350524736087	0.780944067212403	0.583918540579091	0.295458585881978	0.14218051541648	0.151317832365273	0.143607483777747	0.282453593526914	0.337983257003442
C:	0.430278118391095	0.161459503271782	0.33180261896668	0.092004513912272	0.0803287544381384	0.0368064560476457	0.222197584532888	0.0153719070067828	0.0214599263056465	0.00494867232265568	0.00278438617237616	0.0128735368492063	0.00528628778733982	0.130332991629946	0.114663171671572	0.181470149732726	0.319158823032645	0.17681613793117	0.214692262858219	0.341569299122654
G:	0.164203312455132	0.508717069805913	0.192229725081944	0.249787732180358	0.356518147941985	0.0719128956687785	0.130332991629946	0.00528628778733982	0.0128735368492063	0.00278438617237616	0.00494867232265568	0.0214599263056465	0.0153719070067828	0.222197584532888	0.1291804668463	0.428797109320679	0.375505655490847	0.550599932142664	0.398504623858165	0.155755818790377
T:	0.161326620012726	0.146867525462378	0.288978016556638	0.390880881719896	0.312546930579765	0.388061918031764	0.583918540579091	0.780944067212403	0.198350524736087	0.181953506567526	0.810313434937442	0.76731601210906	0.198397737993475	0.0635508832580751	0.46069777560015	0.247552225530115	0.154017689111235	0.128976446148418	0.104349519756702	0.164691625083527
