Gene:  Pho4-primary  Motif:  GCACGTGC  Enrichment Score:  0.498933850715047
A:	0.229535892689616	0.369165186974747	0.239204377361487	0.236652893428132	0.466744802409379	0.390521031168349	0.0944281139182334	0.0970567001621744	0.967587844583179	0.000308186000305661	0.0859273469689501	0.00292225346752238	0.00180999358546267	0.00477896691549277	0.154493260731162	0.147831662679559	0.165539571277819	0.229333783004731	0.291628728578509	0.278201562326317
C:	0.199077216352325	0.190281721856473	0.358679447339621	0.355279848555996	0.252724410210176	0.235246416340365	0.393489138518562	0.900640071460999	0.00124573643194371	0.91195018940169	0.00181427762905375	0.0282441655173549	0.000493234791364292	0.507303780647712	0.305093848345122	0.397569138159627	0.279053897071509	0.230815521751067	0.248844182657788	0.208358212434592
G:	0.370600063301409	0.125153571598261	0.203270241760835	0.10716812098247	0.167338119920654	0.218585329988799	0.507303780647712	0.000493234791364292	0.0282441655173549	0.00181427762905375	0.91195018940169	0.00124573643194371	0.900640071460999	0.393489138518562	0.228505460970871	0.246498185836174	0.320951944484649	0.267833073115868	0.182275811474991	0.195165546062347
T:	0.200786827656651	0.315399519570519	0.198845933538058	0.300899137033401	0.113192667459791	0.155647222502487	0.00477896691549277	0.00180999358546267	0.00292225346752238	0.0859273469689501	0.000308186000305661	0.967587844583179	0.0970567001621744	0.0944281139182334	0.311907429952845	0.20810101332464	0.234454587166023	0.272017622128335	0.277251277288711	0.318274679176744
