Gene:  Put3-primary  Motif:  ATCCCGGG  Enrichment Score:  0.48009229308865
A:	0.42046575569048	0.154268728093621	0.217793607292053	0.30784523708468	0.319861500998185	0.236827266427333	0.586264548734973	0.0556802805060169	0.0251646105566684	0.00787591513569674	0.00187876334464494	0.00284899718448767	0.220236845001014	0.199441834431489	0.584450911007447	0.488684076429587	0.227832412350673	0.162994735163548	0.131058395838161	0.204970042392095
C:	0.158769019741529	0.158513644024393	0.311769532849848	0.251122120141498	0.326267444163904	0.157467810670408	0.123744216603219	0.120889691599086	0.803582237488113	0.916390804865528	0.864348744272538	0.160855534342367	0.0531548890484369	0.0691819999858605	0.098576177294945	0.134097234489856	0.172061367941832	0.155490981909544	0.259362950052528	0.14992528761175
G:	0.218300794576145	0.137143959932327	0.219944247481065	0.256051966249404	0.154139558180434	0.258634508365522	0.137026298578206	0.0772996581592806	0.00910895506770855	0.0127335577960189	0.131773199260886	0.834827974300982	0.702335277235866	0.64046957540331	0.142358315771505	0.127646855264417	0.348092042860986	0.327160026393836	0.303169321542269	0.244488930203595
T:	0.202464429991846	0.550073667949658	0.250492612377034	0.184980676524419	0.199731496657476	0.347070414536737	0.152964936083602	0.746130369735617	0.16214419688751	0.0629997222027561	0.00199929312193134	0.00146749417216292	0.0242729887146839	0.0909065901793411	0.174614595926103	0.249571833816139	0.25201417684651	0.354354256533072	0.306409332567042	0.40061573979256
