Gene:  Rap1-FL-primary  Motif:  GGGTGTAC  Enrichment Score:  0.485079322708869
A:	0.274381769431919	0.162392181243675	0.232380384504581	0.190957960284228	0.113547257168034	0.463329143138192	0.030458339312106	0.00986254731812337	0.0684213749915925	0.00813030539947375	0.0158437977949231	0.0080952387123428	0.872790272042819	0.0715345881143511	0.152264764604612	0.162474751970817	0.337944914443179	0.172950549237641	0.374409594441961	0.166940384194751
C:	0.230483062402326	0.149005445832194	0.214287470815251	0.231322749373095	0.258392315261638	0.119932192717617	0.0411448159845538	0.0106610069718777	0.00810904857634764	0.0179510005258008	0.00829377720347758	0.215240384409754	0.0376905388898484	0.80924983305803	0.121384397804609	0.08589721166983	0.120577866606511	0.111703423518764	0.175069839957073	0.232536869541439
G:	0.313736663578584	0.388187105714161	0.338645647768945	0.233874934977676	0.233827499102772	0.295870272761514	0.658798243401811	0.964430644763253	0.913682700305241	0.069995965865215	0.949933012218841	0.0173050950576281	0.0336494704032524	0.0461842579626881	0.630773690002657	0.684594238180223	0.424591170853208	0.164229444823516	0.223180833362455	0.207455100633106
T:	0.181398504587171	0.30041526720997	0.214686496911223	0.343844355365	0.394232928467556	0.120868391382677	0.269598601301529	0.0150458009467462	0.00978687612681924	0.90392272820951	0.0259294127827588	0.759359281820275	0.0558697186640798	0.0730313208649309	0.0955771475881216	0.0670337981791301	0.116886048097102	0.551116582420078	0.227339732238511	0.393067645630704
