Gene:  Rdr1-DBD-primary  Motif:  C..GCGGATA  Enrichment Score:  0.486700091860967
A:	0.166000322252445	0.204103708829702	0.326224557961417	0.160852658403102	0.322242482511266	0.268665137663476	0.150789746696572	0.21330972088659	0.0169710938473021	0.00264914069326506	0.00343570097817185	0.0033215960696674	0.812715423194843	0.33925204210391	0.790429737153233	0.164404580796701	0.193387103491013	0.269355074968741	0.304040772353078	0.175953741613589	0.112436028909032
C:	0.171361115522649	0.301398308333604	0.283717586607717	0.190290530715356	0.299715310814168	0.391213649032926	0.311168153197084	0.139650565658603	0.0966474263098936	0.983715026853376	0.00606800723311253	0.00438580829417091	0.0192040269424291	0.00673859242194746	0.0664199912646638	0.155665249729414	0.285643673207156	0.192460224041392	0.259609947674017	0.200277305800246	0.426177695956107
G:	0.170988227283852	0.256893616609035	0.255954744795332	0.386763518601488	0.185210295608718	0.195986164254192	0.330646263092256	0.128428049105008	0.81428142950609	0.00519766835691569	0.987088976472304	0.989082422424113	0.159420378284639	0.0250687010582789	0.113597324418485	0.210760255770176	0.29923151853017	0.327008350542427	0.210810709478953	0.264492191868541	0.271352392535485
T:	0.491650334941053	0.237604366227659	0.134103110635533	0.262093292280054	0.192831911065848	0.144135049049407	0.207395837014087	0.518611664349799	0.072100050336714	0.008438164096443	0.00340731531641189	0.00321017321204871	0.00866017157808853	0.628940664415864	0.0295529471636188	0.469169913703709	0.221737704771661	0.21117635044744	0.225538570493952	0.359276760717624	0.190033882599375
