Gene:  Rds1-primary  Motif:  TCGGCCGA  Enrichment Score:  0.497463785495012
A:	0.15383624765307	0.28872024761029	0.175534555095354	0.329041827702382	0.0820676340352999	0.17220678487049	0.00447438138067123	0.00304135319929454	0.0122141008725967	0.00143541412221568	0.00364749861651038	0.000578280846509167	0.0025270107449911	0.803750639250986	0.346048671094738	0.36912102478499	0.111561141837191	0.194768363179227	0.226465037031086	0.374517004616141
C:	0.407654751759021	0.09703387729557	0.171559175677327	0.365971986355723	0.368178361253874	0.179724664444202	0.00542118644332931	0.982357177234506	0.0501913667983214	0.0217960019983172	0.973121085262957	0.937016251482573	0.0120744588212083	0.186353792925014	0.315560474084275	0.140399868013783	0.119856936108345	0.120017236784402	0.227369791946666	0.178918411544083
G:	0.0755358299323055	0.412098907719514	0.316693886029397	0.0977172284747898	0.191847596907089	0.16383445350288	0.186353792925014	0.0120744588212083	0.937016251482573	0.973121085262957	0.0217960019983172	0.0501913667983214	0.982357177234506	0.00542118644332931	0.221042537895659	0.376143431021529	0.490113594414148	0.464576506253572	0.335383748338188	0.138282404285825
T:	0.362973170655604	0.202146967374627	0.336212383197922	0.207268957467105	0.357906407803737	0.484234097182428	0.803750639250986	0.0025270107449911	0.000578280846509167	0.00364749861651038	0.00143541412221568	0.0122141008725967	0.00304135319929454	0.00447438138067123	0.117348316925328	0.114335676179697	0.278468327640317	0.220637893782799	0.21078142268406	0.308282179553951
