Gene:  Rgt1-primary  Motif:  CGGAAAAA  Enrichment Score:  0.494454350097989
A:	0.263741205343295	0.312219294665703	0.14901415487577	0.229099436884677	0.237701045089088	0.123785449491126	0.00597956449283865	0.000810958990736684	0.00148210808097374	0.97818628771918	0.660020802086382	0.628644080430127	0.961842493856962	0.793902778056229	0.0971942439235464	0.233221438286221	0.15067159483353	0.189682909412526	0.263313305552857	0.390296974431112
C:	0.256593414398409	0.0976313993632347	0.398506355876687	0.293830543461997	0.192097413003782	0.519827467459403	0.977603726464638	0.014034768772018	0.014544199939347	0.00266875635501037	0.00505612911543091	0.128038766621564	0.00198204962114722	0.000707511279943645	0.377772983250227	0.195816947549799	0.18529987878765	0.205271745303374	0.305894149488303	0.217936080299836
G:	0.148599879997326	0.204590828015674	0.222041663805243	0.141804720558851	0.269575684847943	0.0810456432670443	0.00589459720455195	0.983964700656828	0.982639273885497	0.0144553727739111	0.0566271912917686	0.0498668721987975	0.00250089429422226	0.0044550606052961	0.0137300899651222	0.0409884784108741	0.180366710696137	0.304912815432959	0.191754453557059	0.264158823223908
T:	0.33106550026097	0.385558477955388	0.2304378254423	0.335265299094475	0.300625857059188	0.275341439782427	0.0105221118379712	0.00118957158041709	0.00133441809418219	0.00468958315189869	0.278295877506419	0.193450280749512	0.0336745622276689	0.200934650058531	0.511302682861104	0.529973135753105	0.483661815682684	0.300132529851141	0.239038091401781	0.127608122045144
