Gene:  Rph1-primary  Motif:  A.TTAGGGG  Enrichment Score:  0.480627113336235
A:	0.37941500867328	0.420540831627234	0.25454165446344	0.297651399634114	0.34563218588301	0.3715775803156	0.571742027773984	0.483307972355872	0.169329373514507	0.195149456955999	0.965145216862973	0.223822632628763	0.00789683122195995	0.00630460086238839	0.0205623062358715	0.113639005687123	0.282160110180073	0.24459433613203	0.406024588324385	0.350807998463571	0.204624987455465
C:	0.209208244548422	0.118104136761628	0.178425382312745	0.234874121779747	0.226671382703967	0.117606252592016	0.0522284982353918	0.0322221351790153	0.0277355076003013	0.0498141531021305	0.0139999174854411	0.00204323349976111	0.00275771944503941	0.00302414279678111	0.00492965958338578	0.038835539792564	0.14261002550696	0.151684330948737	0.147383263216963	0.267935000683989	0.16332200092061
G:	0.233323650487285	0.220141273241143	0.291447870008481	0.277883061164153	0.234564259866242	0.288092880290266	0.133456627416769	0.12083997876317	0.0170071399829641	0.0104834016759004	0.0151561896519384	0.770959427586869	0.984542107747507	0.98531767508803	0.941007211205725	0.37811333577744	0.386434092219719	0.36842068313406	0.319916551469008	0.207287580132829	0.273027313133644
T:	0.178053096291013	0.241213758369995	0.275585093215335	0.189591417421986	0.193132171546781	0.222723286802118	0.242572846573855	0.363629913701943	0.785927978902228	0.74455298826597	0.00569867599964737	0.00317470628460615	0.00480334158549358	0.00535358125280075	0.0335008229750177	0.469412118742873	0.188795772093248	0.235300649785173	0.126675596989644	0.173969420719612	0.35902569849028
