Gene:  Rpn4-primary  Motif:  CGCCACCC  Enrichment Score:  0.466073290155192
A:	0.323529740265999	0.160851225495705	0.205459367791477	0.29374960416151	0.346992553299719	0.666461316544285	0.00395110634294189	0.00463086247932243	0.00407153842537062	0.00407391382705714	0.912493199831977	0.00263422360665139	0.0136717107617393	0.0199625065138456	0.128187428606163	0.540975543643721	0.425044872872966	0.291804341856613	0.17533800439098	0.225853295413863
C:	0.191975664523705	0.330771735566342	0.209890558043042	0.211195802062202	0.206752604610937	0.0565383013869898	0.970473110096182	0.00540281366149282	0.988435366268271	0.988784422039596	0.0785912764763123	0.988549305310689	0.955367512120498	0.769113375892152	0.0661177146244905	0.093128621703853	0.172210897817548	0.206278346469267	0.434047459628217	0.265805093627751
G:	0.177264360733218	0.259874636895786	0.328088902830753	0.140409567119976	0.242380173024233	0.158898289527809	0.00331300962233242	0.985072928918614	0.00271600718702991	0.00302432853932537	0.00223831389632435	0.003570577427781	0.00326687619091741	0.176440451272011	0.296230273403029	0.236864915270217	0.201953378511011	0.0928074157424473	0.170560385292088	0.320621234522902
T:	0.307230234477077	0.248502402042168	0.256561171334728	0.354645026656312	0.203874669065111	0.118102092540917	0.0222627739385441	0.00489339494057118	0.00477708811932834	0.00411733559402122	0.00667720979538635	0.0052458936548785	0.0276939009268458	0.0344836663219906	0.509464583366317	0.12903091938221	0.200790850798475	0.409109895931672	0.220054150688716	0.187720376435484
