Gene:  Rsc30-primary  Motif:  C.CGCGCG.G  Enrichment Score:  0.498575911175477
A:	0.318915734690148	0.182991944497016	0.347473414748854	0.310713171153938	0.323581337027249	0.113240442558992	0.101824343441049	0.0159079172582875	0.0198345721893737	0.0131689953779936	0.0115068809607832	0.0139805142214368	0.0610071880235575	0.0259896815899398	0.123313709381982	0.223194866667479	0.217243894190834	0.356225775351711	0.0913310506607989	0.384620678437688	0.266534972920486
C:	0.352576506640861	0.388289413425967	0.389339462531783	0.315541213930729	0.333118120433905	0.699521318727103	0.241396431366941	0.887440961258985	0.0895674711718508	0.952761506672123	0.0225626169890999	0.876617442417339	0.0356439334591706	0.596148082104143	0.0639245293319229	0.162991907079153	0.0515830975966459	0.378842163603081	0.394063428385583	0.192628631028638	0.38509131682005
G:	0.106078960692852	0.280308421385765	0.0858005789338225	0.312110196902519	0.120596929464518	0.0639245293319229	0.623491441705488	0.0356439334591707	0.876617442417339	0.0225626169890999	0.952761506672123	0.0895674711718508	0.887440961258984	0.308850209839215	0.699521318727103	0.431538167229579	0.320977868695101	0.165308577492436	0.417845306184605	0.303120129355772	0.197282033421382
T:	0.222428797976139	0.148410220691251	0.177386543785541	0.0616354180128143	0.222703613074328	0.123313709381982	0.0332877834865224	0.0610071880235575	0.0139805142214368	0.0115068809607832	0.0131689953779936	0.0198345721893737	0.0159079172582875	0.0690120264667022	0.113240442558992	0.18227505902379	0.410195139517419	0.0996234835527726	0.096760214769013	0.119630561177901	0.151091676838083
