Gene:  Rsc3-primary  Motif:  A.CGCGCGC  Enrichment Score:  0.497968354127826
A:	0.219134904108007	0.502787976118153	0.344557730644975	0.462813349880024	0.440172405313085	0.153830106146068	0.624483693467936	0.250921773489341	0.0382978911848929	0.0383938389149591	0.00283097661057121	0.00281618627709361	0.00583070337154038	0.0115864433091154	0.0800736607609499	0.0446529783382247	0.336383279393277	0.230453634514646	0.20875152032845	0.087707607034513	0.144236404188362
C:	0.336053022838755	0.169663642286806	0.0285415502513735	0.360141704619889	0.244245685771127	0.182754174940143	0.128160855089357	0.270001649366204	0.799736885696863	0.0470218612811295	0.988139875099852	0.0158254542872612	0.98296716853289	0.00834672798371734	0.737489555067392	0.191144751789918	0.362460456797039	0.22288656998215	0.125201253221359	0.0576619812384608	0.228944886118695
G:	0.0317866520952128	0.112700177614787	0.121371701908599	0.0537725294626318	0.150383047660099	0.354153265559722	0.154026798922568	0.393823972665354	0.0918450174568157	0.888378807678891	0.00677360030497038	0.979962204029641	0.00428851326222775	0.976823790729104	0.107593371991489	0.281887973141383	0.158003585177851	0.14295197909173	0.338087796165212	0.208404748560075	0.430719719171125
T:	0.413025420958026	0.214848203980254	0.505529017195051	0.123272416037455	0.16519886125569	0.309262453354067	0.0933286525201398	0.085252604479101	0.0701202056614283	0.02620549212502	0.00225554798460635	0.00139615540600414	0.00691361483334142	0.00324303797806322	0.0748434121801693	0.482314296730474	0.143152678631832	0.403707816411475	0.327959430284978	0.646225663166951	0.196098990521818
