Gene:  Rtg3-primary  Motif:  GCACGTGC  Enrichment Score:  0.472754261635702
A:	0.3935122858003	0.220585401094927	0.357643005269201	0.16495733312312	0.156120924168463	0.534801837131836	0.0340006018732567	0.0198666419019134	0.905021449954278	0.00590020192768546	0.028060847247178	0.00768389274134319	0.00738450183892768	0.275608090390627	0.152466218807169	0.111003181505352	0.398934185881918	0.275144780025041	0.323638861757563	0.249041764794775
C:	0.145301644720129	0.147729018792925	0.322578579932366	0.176216049933547	0.121155201945378	0.11335894866076	0.0275712032271629	0.953310362622013	0.00561584848660956	0.949248804634722	0.0167901461904144	0.0816788088177695	0.019438493637146	0.662820104508954	0.332230893831378	0.270709441272418	0.122012841516507	0.257554590434174	0.165379348501729	0.396647849250463
G:	0.330883032211344	0.267664290508938	0.207476474174417	0.295663559825599	0.25001204409512	0.203597194225839	0.662820104508954	0.019438493637146	0.0816788088177695	0.0167901461904144	0.949248804634722	0.00561584848660956	0.953310362622013	0.0275712032271629	0.156669118714427	0.187901099439033	0.276993285017671	0.296041353066854	0.0337636515388086	0.10835865689313
T:	0.130303037268227	0.364021289603211	0.112301940624016	0.363163057117734	0.472711829791039	0.148242019981566	0.275608090390627	0.00738450183892768	0.00768389274134319	0.028060847247178	0.00590020192768546	0.905021449954278	0.0198666419019134	0.0340006018732567	0.358633768647026	0.430386277783196	0.202059687583904	0.171259276473932	0.4772181382019	0.245951729061632
