Gene:  Sfp1-DBD-primary  Motif:  AAAA.TTTT  Enrichment Score:  0.48824854401827
A:	0.427420725840012	0.202388540479916	0.289398274092329	0.250731422246855	0.353179073814164	0.53316729071137	0.782067257100196	0.898580251985733	0.904580270596384	0.855891398043216	0.541618620627928	0.0866812544287264	0.035316191736548	0.0189311527144424	0.0730935447961513	0.126583633024392	0.0826864555840553	0.327413296717137	0.115598068587247	0.217894596836459	0.216333103140263
C:	0.159904729306236	0.293869521571682	0.174987640839896	0.217545311160321	0.0778568509144868	0.0426785693086466	0.0736991798095853	0.0359975225232505	0.00933094220153262	0.014948694212087	0.034020463773365	0.0424786533159705	0.0507725954655357	0.0464910727765744	0.0711400182940675	0.40579296404577	0.354843916214168	0.201064146341106	0.428176321343189	0.0833868770859353	0.169819302094474
G:	0.161884931703138	0.194568351864005	0.192549018159202	0.293678025812005	0.29750182207799	0.342063836154939	0.0711400182940675	0.0464910727765744	0.0507725954655357	0.0424786533159705	0.0160470310748482	0.014948694212087	0.00933094220153262	0.0359975225232505	0.0736991798095853	0.0912078335807711	0.103428868738339	0.165498640442039	0.154976369611696	0.374099004993529	0.405151420344921
T:	0.250789613150615	0.309173586084397	0.343065066908572	0.238045240780819	0.271462253193359	0.0820903038250441	0.0730935447961513	0.0189311527144424	0.035316191736548	0.0866812544287264	0.408313884523858	0.855891398043216	0.904580270596384	0.898580251985733	0.782067257100196	0.376415569349067	0.459040759463438	0.306023916499718	0.301249240457868	0.324619521084076	0.208696174420342
