Gene:  Sip4-primary  Motif:  TTCCGGAA  Enrichment Score:  0.475719823626082
A:	0.0604688934345731	0.203578764831899	0.293937688054389	0.172006703537345	0.346250315564381	0.328248518231138	0.102228570217744	0.0237643525115384	0.0137333825694882	0.0064870843141697	0.00703318504125816	0.0482495616040277	0.849517177519579	0.64448660230089	0.427150029035046	0.251264102491303	0.252783144797345	0.226537757234172	0.170373978344054	0.149787621425639
C:	0.50620791829087	0.382261449817676	0.299579180831399	0.33552427290043	0.255359624147819	0.160385720295371	0.205469116567536	0.0778964824256879	0.924818626366789	0.934930294023038	0.0515494366215338	0.0131984294596951	0.0488219875431951	0.0478157109138295	0.111930652007086	0.238531090463421	0.300874671349257	0.269579975937233	0.306969120222536	0.425533895405224
G:	0.133251429734869	0.265519714375973	0.252269337494567	0.154471278400093	0.111290837930238	0.143201207627732	0.0478157109138295	0.0488219875431951	0.0131984294596951	0.0515494366215338	0.934930294023038	0.924818626366789	0.0778964824256879	0.205469116567536	0.206733894924593	0.287412037828557	0.101479403665945	0.13824046616057	0.225437771017279	0.240107757273401
T:	0.300071758539687	0.148640070974452	0.154213793619645	0.337997745162132	0.287099222357563	0.368164553845759	0.64448660230089	0.849517177519579	0.0482495616040277	0.00703318504125816	0.0064870843141697	0.0137333825694882	0.0237643525115384	0.102228570217744	0.254185424033275	0.222792769216718	0.344862780187452	0.365641800668025	0.297219130416131	0.184570725895735
