Gene:  Skn7-primary  Motif:  T.TGGCCA.A  Enrichment Score:  0.491435572555582
A:	0.238684219814922	0.212217494104167	0.43507556010507	0.248370655461568	0.138990976480611	0.23617019055794	0.464657750680076	0.0294837050845981	0.145893131530568	0.0530113357800841	0.0165749787678495	0.0199475328091224	0.620379709316797	0.262157765056521	0.546893313624194	0.313978204462499	0.175878394194901	0.262509986084324	0.0995267476936239	0.199026836371553	0.180614162714049
C:	0.34183066082501	0.508386535316385	0.0948183237386557	0.310215135253042	0.105558298371617	0.105123869390763	0.197425385884694	0.127463114950712	0.148848267618755	0.0495381635928901	0.880875521859176	0.685311068041555	0.222673470647893	0.0818862047119784	0.111812626427104	0.162986082713094	0.3570996183108	0.0774091100541701	0.511126087798066	0.364133371034609	0.168354046314321
G:	0.245745857880224	0.222443479984227	0.396597309079621	0.320990876381878	0.312787926104529	0.111812626427104	0.0721694432176768	0.222673470647893	0.685311068041555	0.880875521859176	0.0495381635928901	0.148848267618755	0.127463114950712	0.21526024447702	0.105123869390763	0.200745147249987	0.261803330896269	0.112227221251242	0.239270044239854	0.23234778170554	0.182576656500103
T:	0.173739261479842	0.0569524905952212	0.0735088070766535	0.120423332903513	0.442662799043243	0.546893313624194	0.265747420217554	0.620379709316797	0.0199475328091224	0.0165749787678495	0.0530113357800841	0.145893131530568	0.0294837050845981	0.44069578575448	0.23617019055794	0.322290565574419	0.205218656598031	0.547853682610264	0.150077120268456	0.204492010888297	0.468455134471527
