Gene:  Spt15-FL-primary  Motif:  G..ATATATA  Enrichment Score:  0.490724803977816
A:	0.277896027165253	0.337700834301886	0.253160545009171	0.16028911868827	0.545495084493064	0.115326115796797	0.287085290796413	0.332186442074984	0.907071955119824	0.0126885219566543	0.981186415028789	0.0382914627421899	0.970929108184936	0.0447410563708831	0.883834942184398	0.186324319815451	0.264806021233504	0.137279664860693	0.266095513845575	0.350005934195772	0.24890817324607
C:	0.250993858127917	0.19120349891926	0.345475713311253	0.200314680891924	0.139664416843587	0.098646172951294	0.198824643908511	0.110815807981101	0.00791603096330321	0.00785493494591215	0.00241747282109437	0.00186525680392428	0.0022534175472528	0.00446200202784366	0.010075186007047	0.0621645770794004	0.122748291064995	0.380802349452727	0.228246717672076	0.176396866714963	0.19383683772914
G:	0.386873641465753	0.147499236055967	0.0880623823053035	0.154575441014762	0.154641268569778	0.701617480812779	0.266325202290334	0.0273320735524773	0.0259269474065105	0.0238487611969004	0.0043896727909306	0.00517671597580306	0.00601917867540473	0.00331348011168544	0.0249131971603871	0.094376244991129	0.129197372606261	0.36968653456119	0.383999330125929	0.17257637236232	0.270884255270903
T:	0.084236473241076	0.323596430722886	0.313301359374272	0.484820759405044	0.16019923009357	0.0844102304391294	0.247764863004742	0.529665676391438	0.0590850665103625	0.955607781900533	0.0120064393591863	0.954666564478083	0.0207982955924065	0.947483461489588	0.0811766746481676	0.65713485811402	0.48324831509524	0.11223145112539	0.12165843835642	0.301020826726945	0.286370733753886
