Gene:  Srd1-primary  Motif:  AGATCTAC  Enrichment Score:  0.499380786387737
A:	0.24024381340355	0.347064257361903	0.291140919389157	0.331050996144398	0.133665631358401	0.168226662112983	0.732032629734355	0.0204354798869562	0.99027763718587	0.0545128798418896	0.00211242276720644	0.00102290051068348	0.938744780101368	0.0140567951072333	0.65410081146334	0.429584263329208	0.424787676639215	0.193247160264181	0.278126946514953	0.136024382583238
C:	0.303120473695748	0.177786487885978	0.277146716520002	0.104812654286529	0.259612948400013	0.238253357316074	0.00529048672668094	0.00163574346429979	0.00100224354429875	0.000493636762373146	0.990768279387819	0.0213767727619147	0.0366718886290817	0.963813471960436	0.0766330931971485	0.273479441003942	0.181948540883892	0.343778316436971	0.184781464306532	0.29999438486941
G:	0.278176008240395	0.213498743141965	0.244790428054304	0.304214336354	0.224167759201938	0.382530966759765	0.260306541877055	0.977140781605658	0.00227439839394693	0.00167345774593784	0.00123170319871529	0.00145181717658321	0.021298552124737	0.00698031163214443	0.18642475056854	0.174335705218262	0.246132857319988	0.240368277384259	0.240821155705624	0.37712226177036
T:	0.178459704660307	0.261650511610154	0.186921936036536	0.259922013215073	0.382553661039648	0.210989013811178	0.00237034166190884	0.000787995043085681	0.00644572087588408	0.943320025649799	0.0058875946462596	0.976148509550819	0.00328477914481299	0.0151494213001864	0.0828413447709715	0.122600590448587	0.147130925156905	0.222606245914589	0.296270433472892	0.186858970776992
