Gene:  Stb3-FL-primary  Motif:  A.TTTTTCA  Enrichment Score:  0.498931113552764
A:	0.0985504484750963	0.166948358905453	0.182808220113053	0.19433502069418	0.507409224950869	0.547520990720538	0.776342866232401	0.499624726276092	0.0996211333909977	0.0531139221152437	0.0105511963904561	0.013777016887312	0.000673391976034378	0.00340640262654515	0.965012325496415	0.150845064570996	0.129354305469814	0.166916488170802	0.308767751930776	0.233894362185083	0.226786060438883
C:	0.168790888261669	0.173139280791015	0.415975911780723	0.379715679776149	0.0595792731647957	0.120065460172964	0.0356741985198693	0.0271615091373298	0.0112994341050307	0.0056937776825553	0.00483209028237534	0.000684321068392503	0.0641219687298825	0.99018895736113	0.0070670887162862	0.587577804591794	0.120372431906074	0.32677729179255	0.253018845189727	0.170547725604853	0.182923651300843
G:	0.546863681233145	0.202689494030711	0.0579693735486365	0.107311547571828	0.189551305413617	0.151027954132749	0.0718934995465989	0.0330467761406501	0.00221206746382657	0.00194833694986259	0.00216530802156779	0.0153680983582892	0.0201260978052856	0.00208647935490295	0.0253251635515232	0.0843012027841406	0.137219288197559	0.20026548045738	0.125517154911835	0.315312654536534	0.296411757622943
T:	0.18579498203009	0.457222866272822	0.343246494557587	0.318637751957843	0.243460196470718	0.18138559497375	0.11608943570113	0.440166988445928	0.886867365040145	0.939243963252338	0.982451405305601	0.970170563686006	0.915078541488798	0.00431816065742148	0.00259542223577522	0.17727592805307	0.613053974426552	0.306040739579268	0.312696247967662	0.280245257673529	0.293878530637331
