Gene:  Stp2-primary  Motif:  GCGCCGCA  Enrichment Score:  0.492652102039942
A:	0.18061933440581	0.288791158086256	0.438121717974577	0.276787214647249	0.126048365921661	0.238974219800701	0.11379172705875	0.0344566716712675	0.00218535214275498	0.000941026886339842	0.00171384080952575	0.00872814799950395	0.0141084499755039	0.618393389170979	0.0860074665246821	0.218148813647853	0.326307340475207	0.231676625948894	0.158734056608544	0.34277742963515
C:	0.258546937623244	0.242981545789756	0.193514350177658	0.209918917210835	0.405069509517068	0.111966641613079	0.0111564257362741	0.647777395393668	0.00575555681820243	0.849176234142431	0.866342994167393	0.0130513432064919	0.520590768846308	0.0127508981627176	0.433015338558181	0.312308630777374	0.240489145596729	0.427007426987558	0.237751659814368	0.265908706170117
G:	0.175089486140474	0.2936782782821	0.211316707226632	0.176575534145876	0.143008282373683	0.56737284850852	0.82908615692586	0.00558431440872543	0.987781035440609	0.148653239685064	0.128113733908349	0.948500916716262	0.00460367803743515	0.33845479360297	0.139832054079641	0.359942963726784	0.205416366978988	0.161550020255727	0.344374048778423	0.122699886522442
T:	0.385744241830472	0.174549017841887	0.157047224621134	0.336718333996039	0.325873842187588	0.0816862900776997	0.0459656902791165	0.312181618526339	0.00427805559843379	0.00122949928616545	0.00382943111473303	0.0297195920777426	0.460697103140753	0.030400919063333	0.341145140837496	0.109599591847988	0.227787146949075	0.179765926807821	0.259140234798666	0.268613977672292
