Gene:  Stp4-FL-primary  Motif:  G..CGGCTGA  Enrichment Score:  0.488918079770719
A:	0.074677993804104	0.36215883925961	0.314711717391167	0.113165929685343	0.222465322694646	0.214197251330081	0.179079672780798	0.44043278735319	0.0285984958806575	0.00956246378608955	0.00785389322747855	0.0173689710125158	0.0258986090180842	0.0776417992697195	0.711612884377583	0.427208190841555	0.266523223093611	0.294443478112493	0.223738325187702	0.171059297426747	0.394072946040753
C:	0.647861700912485	0.159802814981651	0.445127983763766	0.178742102389792	0.348798672938075	0.0346223435940455	0.109580489643492	0.0601758162995008	0.775789103251845	0.0283549427039129	0.0261720676027393	0.954641216588409	0.00854304597415676	0.0528445456414198	0.0619360968914504	0.0931372466495816	0.285143441472404	0.302368095562426	0.317748956368628	0.249254629971915	0.350121459974223
G:	0.135127047436418	0.274063508018483	0.090391645516079	0.174467513284166	0.31405224857975	0.704095047402611	0.111973399950439	0.490610653981717	0.0265687653524004	0.955612395911888	0.950505215562509	0.0151366299040579	0.0821567113451252	0.796213751869652	0.0246363589961613	0.214735999111393	0.317704396907218	0.207511866328681	0.295688294831236	0.302235396543475	0.070518720433642
T:	0.142333257846993	0.203974837740256	0.149768653328988	0.533624454640699	0.11468375578753	0.0470853576732631	0.599366437625271	0.00878074236559131	0.169043635515097	0.00647019759810991	0.0154688236072734	0.0128531824950175	0.883401633662634	0.0732999032192083	0.201814659734806	0.26491856339747	0.130628938526767	0.1956765599964	0.162824423612435	0.277450676057863	0.185286873551382
