Gene:  Sum1-DBD-primary  Motif:  AATTAATT  Enrichment Score:  0.494922031283296
A:	0.302981869138635	0.242208194445744	0.333967606318424	0.320172226263219	0.432639623854108	0.410133571365709	0.83095006805477	0.71999555894596	0.429121008446983	0.273895058267882	0.719487687411225	0.564660716796452	0.271240732697981	0.129205287118063	0.389588958690817	0.209986363444496	0.3121709583656	0.39580588289377	0.348054430899793	0.334796210014773
C:	0.132325015558047	0.322857974183635	0.245681501127927	0.230591585133125	0.0758461621989633	0.0858278767847025	0.0074564803311686	0.00413271732988861	0.00276493758097118	0.00414263729228339	0.00247461702860955	0.00345333717559445	0.00463099102617103	0.0323881644959983	0.0817084345086943	0.284216396725254	0.172763557866825	0.149538857620824	0.200008940968624	0.336010861628336
G:	0.348813150821293	0.115962272494028	0.215192234230196	0.251199057777514	0.19319774275802	0.135676659031564	0.0323881644959983	0.00463099102617103	0.00345333717559445	0.00247461702860955	0.00414263729228339	0.00276493758097118	0.00413271732988861	0.0074564803311686	0.131749083729708	0.138259384407871	0.138472610667025	0.242625001921949	0.122940663636294	0.138411035066418
T:	0.215879964482025	0.318971558876593	0.205158658323453	0.198037130826141	0.298316471188909	0.368361892818025	0.129205287118063	0.271240732697981	0.564660716796452	0.719487687411225	0.273895058267882	0.429121008446982	0.71999555894596	0.83095006805477	0.396953523070781	0.367537855422379	0.376592873100551	0.212030257563458	0.328995964495288	0.190781893290472
