Gene:  Sut2-primary  Motif:  AACTCCGA  Enrichment Score:  0.499272257367902
A:	0.33345205377621	0.22554908903531	0.269928697978523	0.354106719152857	0.248568244623947	0.522128463733813	0.940755905607181	0.971166961625646	0.000491428029524197	0.00121511752934545	0.00276629384991162	0.0010734321137544	0.00215685970422853	0.789852373455754	0.523459890614961	0.375283998442785	0.338068215394705	0.279561663568951	0.163655603480039	0.281779881040476
C:	0.232014450671824	0.206427607676808	0.218782528269878	0.200322828091428	0.216228201516413	0.0859236276091718	0.00602346557367178	0.000510052513786559	0.709623343509078	0.0162109087691641	0.992889890113287	0.984958118984099	0.00152261793735696	0.0169612195519429	0.0808620402712458	0.252500043744771	0.214011264322165	0.204080035467816	0.25321786998019	0.1361304677702
G:	0.11272429437537	0.264274183646782	0.277347606424469	0.100543834186227	0.153215468601608	0.287320484768675	0.0126486017211692	0.0116393306333672	0.287651781804285	0.000816444860217879	0.00143615087883351	0.0127078579207166	0.993399240446972	0.168655494553069	0.257846924920215	0.154456014747592	0.168877600390251	0.209535111932892	0.252310843609139	0.244012278907397
T:	0.321809201176596	0.3037491196411	0.23394116732713	0.345026618569488	0.381988085258033	0.104627423888341	0.0405720270979779	0.0166836552272008	0.00223344665711383	0.981757528841273	0.00290766515796765	0.0012605909814298	0.00292128191144279	0.0245309124392344	0.137831144193578	0.217759943064852	0.27904291989288	0.306823189030341	0.330815682930631	0.338077372281926
