Gene:  Tbf1-DBD-primary  Motif:  AACCCTAA  Enrichment Score:  0.499036143216116
A:	0.220549043998308	0.154439274001604	0.239598894597911	0.175967905210744	0.123154337289775	0.311301753981222	0.959026828114111	0.706261688083093	0.0285891859274908	0.00243074586421633	0.00319178141634256	0.000652138475924286	0.975232074369953	0.828421665782017	0.186585754985782	0.392642123609423	0.224062642442801	0.143817857903785	0.219546163233878	0.26733731890148
C:	0.259099800436295	0.330972746724557	0.262905496624739	0.337542296556648	0.236865799923269	0.178386974440826	0.00110616159981971	0.00244903208665605	0.969910487326183	0.993497411599797	0.990059608760415	0.018863955976236	0.0065599148364053	0.0137878113915382	0.305592249100952	0.149744774064124	0.371896025286553	0.223789586659339	0.332917421088337	0.292174353009081
G:	0.0940135386047685	0.181357127184452	0.243063801567655	0.254659440073768	0.413929712356451	0.0635821002406722	0.0111050286896435	0.289838367378445	0.000490400166052647	0.00152891246303768	0.000599602723997991	0.00093063600263075	0.0166347515792722	0.0578703754879221	0.0981122636588954	0.230164387166065	0.232968142388894	0.426730064519815	0.253233527184691	0.230910515831816
T:	0.426337616960628	0.333230852089387	0.254431807209694	0.231830358158839	0.226050150430506	0.44672917133728	0.0287619815964253	0.00145091245180522	0.00100992658027357	0.00254293007294852	0.00614900709924449	0.979553269545209	0.00157325921436976	0.0999201473385232	0.409709732254371	0.227448715160387	0.171073189881753	0.205662490917061	0.194302888493094	0.209577812257623
