Gene:  Tbs1-primary  Motif:  CGGATCCG  Enrichment Score:  0.499549252895822
A:	0.307023168206685	0.12228092494258	0.194921533253187	0.393574143098418	0.149851559399497	0.141123710390682	0.00537225474110476	0.00147837823164008	0.00144753202276495	0.900819350070476	0.0329789715870841	0.00567505681666537	0.00522048474092741	0.0224710449919229	0.036061738670879	0.264225614567624	0.146227684982865	0.195698536750149	0.270100401902532	0.118009529605771
C:	0.235267646029479	0.204930047641472	0.112562236774338	0.130116598380314	0.228487914433055	0.234224518953897	0.964904713822638	0.0100358431399931	0.00956475692431183	0.0378999904280043	0.0283016879144354	0.983312654236258	0.983265293887439	0.00725198644433464	0.625773417358173	0.114281580784245	0.308084127935005	0.340297108852258	0.111849286713035	0.455019851727706
G:	0.14154794208192	0.30137995381309	0.331610295376161	0.320952380976228	0.266353583864357	0.554643973924863	0.00725198644433464	0.983265293887439	0.983312654236258	0.0283016879144354	0.0378999904280043	0.00956475692431183	0.0100358431399931	0.964904713822638	0.0888801491114633	0.339769332542357	0.317513706554554	0.310909747385068	0.127930364078909	0.191979974443729
T:	0.316161243681916	0.371409073602859	0.360905934596314	0.15535687754504	0.355306942303091	0.0700077967305582	0.0224710449919229	0.00522048474092741	0.00567505681666537	0.0329789715870841	0.900819350070476	0.00144753202276495	0.00147837823164008	0.00537225474110476	0.249284694859485	0.281723472105774	0.228174480527576	0.153094607012525	0.490119947305523	0.234990644222795
