Gene:  Tea1-primary  Motif:  CGG.A.TTAA  Enrichment Score:  0.497364250832767
A:	0.403815761841533	0.225768901513582	0.159251973142126	0.0469551926984859	0.0215838944503436	0.00241066907063442	0.00144064628693623	0.00537501850721758	0.501433005282708	0.929388234561224	0.646423294802548	0.0152399237547603	0.0182789645250284	0.979884929882166	0.974689047629695	0.420018130270251	0.319982886140017	0.791165137356155	0.178859903210207	0.00821226118235301
C:	0.0919675436333881	0.144157264858518	0.415122980647669	0.0135562991366063	0.134485461090264	0.988820103103104	0.0110355252537195	0.0268675914861097	0.0810114209829734	0.0259393474556903	0.0295305636548843	0.00363746062417971	0.0124626481380639	0.00511956745399946	0.00610047729544187	0.123428708699951	0.130198200834756	0.0947019482546432	0.388447990239693	0.97738633315227
G:	0.168799381418479	0.0402465263428843	0.234073296461949	0.0234255090016825	0.526581584681137	0.00558166087054322	0.985608975793985	0.96455373992938	0.269864098425496	0.0258539497103647	0.0427359631479573	0.00184499970032426	0.00305207700097634	0.0103339192001543	0.00213654446436237	0.0843025859236645	0.11745667678323	0.0279450248424947	0.169136002191119	0.00827366325779388
T:	0.3354173131066	0.589827307285016	0.191551749748256	0.916062999163225	0.317349059778255	0.00318756695571793	0.00191485266535872	0.00320365007729254	0.147691475308823	0.018818468272721	0.281310178394611	0.979277615920736	0.966206310335931	0.00466158346367986	0.017073930610501	0.372250575106134	0.432362236241997	0.0861878895467072	0.263556104358981	0.00612774240758328
