Gene:  Tec1-primary  Motif:  ACATTCTC  Enrichment Score:  0.493242427291939
A:	0.290309513499967	0.369507179300251	0.415587467763732	0.194334754164321	0.160117044617848	0.500104548752533	0.753885181933349	0.0795722220370916	0.963133318497886	0.0137336440709449	0.0494330901317141	0.000344127723374117	0.0015673756213766	0.00770742258277122	0.143920924685822	0.437248292514804	0.15829796663221	0.341058237648395	0.230694767185121	0.362377142523685
C:	0.302433930366249	0.263876243715388	0.202985271113883	0.353620463824638	0.430781474042003	0.218635370581952	0.00989011629942898	0.917027540417823	0.000654011256369065	0.00096764800238169	0.000430934611704074	0.980815073096749	0.482371262309657	0.399204001095983	0.163985541153322	0.161840135986393	0.314342474220484	0.317230877799478	0.262202541095939	0.249555651354454
G:	0.130367598443148	0.138415412635896	0.166543246409746	0.187604975782597	0.198437320729008	0.0734314743517284	0.225484574071159	0.00249607702181888	0.034699478506404	0.000818213890810652	0.00174218757463794	0.0074532955647824	0.00810436352832333	0.0128107002638266	0.563246064964005	0.140604837181228	0.189815163025636	0.197114706150141	0.194825323407913	0.23384647209016
T:	0.276888957690636	0.228201164348466	0.214884014712639	0.264439806228445	0.210664160611141	0.207828606313786	0.0107401276960635	0.000904160523266508	0.00151319173934134	0.984480494035863	0.948393787681944	0.0113875036150947	0.507956998540643	0.580277876057419	0.128847469196851	0.260306734317575	0.337544396121671	0.144596178401985	0.312277368311027	0.154220734031702
