Gene:  Tye7-primary  Motif:  TCACGTGA  Enrichment Score:  0.499081951416798
A:	0.205838659742494	0.33244340318037	0.194697145400867	0.179335811631966	0.30529990418107	0.511631367218186	0.0592536976829622	0.0129224227626644	0.915158252653611	0.00288279537730865	0.0223283271916382	0.0520454302060408	0.0154359622285513	0.814021406641109	0.00351502777242069	0.131399912997093	0.26571915256572	0.392553323146195	0.151750242521523	0.265539275060043
C:	0.241164117853828	0.243717763408252	0.154117808553313	0.183221855532793	0.430923560923275	0.0668515192132651	0.0961907692347106	0.953252107885817	0.00269853082292276	0.844706649102711	0.130082228328342	0.0300977863174258	0.0183895071229676	0.0305341264412182	0.387870649125489	0.176328653578033	0.426577249278768	0.264951174455852	0.312029035425416	0.231486270988626
G:	0.388057706413822	0.171200380620951	0.315714993006641	0.474856492864505	0.130246996316307	0.39009422263846	0.0305341264412182	0.0183895071229676	0.0300977863174258	0.130082228328342	0.844706649102711	0.00269853082292276	0.953252107885817	0.0961907692347106	0.0760027517807381	0.514934196144468	0.125890414634443	0.181872426589192	0.281410751209414	0.177966511424198
T:	0.164939515989857	0.252638452790426	0.335470053039179	0.162585839970736	0.133529538579348	0.0314228909300885	0.814021406641109	0.0154359622285513	0.0520454302060408	0.0223283271916382	0.00288279537730865	0.915158252653611	0.0129224227626644	0.0592536976829622	0.532611571321352	0.177337237280406	0.181813183521069	0.160623075808761	0.254809970843647	0.325007942527133
