Gene:  Ume6-primary  Motif:  GGCGGCTA  Enrichment Score:  0.495386123407842
A:	0.257698376630062	0.165207891054014	0.195981639887769	0.289092513751595	0.268952773920873	0.133021126957006	0.177083200789598	0.00132815972338691	0.00212395799563076	0.000952594941298115	0.00114123579689631	0.00475417886242369	0.353339673118382	0.915128862829786	0.328600416098876	0.313582816114254	0.144310252621999	0.241369621569943	0.225846508166929	0.518784630874059
C:	0.323192020866942	0.134420418899679	0.216172782689672	0.187950710873682	0.0920342846839279	0.419631204163701	0.119017934457843	0.00354779709276183	0.993040830845474	0.0198969699118502	0.0670279562418391	0.760380675412785	0.00212953516261428	0.0233727830519585	0.116137269881833	0.22419167604837	0.100734804271168	0.362024516619989	0.248278245348675	0.163306501314679
G:	0.151211259437483	0.138453819812956	0.205421851069147	0.179131039985456	0.0431509101038733	0.229525494652975	0.701261260944899	0.98782866070106	0.00221320521136463	0.978133537353108	0.929006111464163	0.069968708242337	0.00171541147377691	0.0289953599690618	0.0998040751957098	0.0921116559964879	0.179057052499996	0.210841344670599	0.270249960877636	0.123059476856199
T:	0.267898343065514	0.561917870233351	0.382423726353411	0.343825735389268	0.595862031291326	0.217822174226317	0.00263760380765983	0.00729538248279172	0.00262200594753052	0.00101689779374317	0.00282469649710123	0.164896437482454	0.642815380245227	0.0325029941491939	0.455458238823581	0.370113851840889	0.575897890606837	0.185764517139469	0.25562528560676	0.194849390955063
