Gene:  Usv1-primary  Motif:  CCCCTGAA  Enrichment Score:  0.49854123409466
A:	0.269578282367052	0.306736242104524	0.342050340378161	0.131992961346041	0.133520520565701	0.318218508150134	0.0014001867891561	0.000982500619325506	0.00307929196318607	0.00119932929975321	0.000718289836524253	0.000650111577540641	0.956977951953929	0.850238988354024	0.174215326592801	0.233019609197049	0.212157716968456	0.181948029996542	0.205868388462962	0.219989623805814
C:	0.22362764049701	0.182060237135963	0.168072351734114	0.193532377204946	0.0558638097503814	0.551679027633451	0.967851254357327	0.977899213472552	0.993341333222269	0.981545338163398	0.00689704464325266	0.00259084579516763	0.000820295812427178	0.0924921452554474	0.257766946665514	0.234999302491521	0.19102311229068	0.185395646456083	0.100558889673496	0.297940199806333
G:	0.250943680085174	0.216512971901906	0.206699785970247	0.146345935369608	0.157665648997666	0.101158581300911	0.0268051526951757	0.000705498407212608	0.00177528590832529	0.000727722437632427	0.00320132454010504	0.869832136131105	0.036728212408867	0.0217743194919147	0.162908756023654	0.0930959806611396	0.197428039678322	0.32149346509877	0.265249635682421	0.365822840364655
T:	0.255850397050763	0.294690548857607	0.283177521917478	0.528128726079405	0.652950020686251	0.0289438829155039	0.00394340615834139	0.0204127875009102	0.00180408890622002	0.0165276100992161	0.989183340980118	0.126926906496187	0.00547353982477722	0.0354945468986136	0.405108970718031	0.43888510765029	0.399391131062542	0.311162858448604	0.428323086181121	0.116247336023197
