Gene:  Xbp1-FL-primary  Motif:  TCTCGAGA  Enrichment Score:  0.491310990165187
A:	0.165503339419338	0.144983051593572	0.164545278190039	0.185159073105609	0.23973979834098	0.306094710209517	0.0693355750230916	0.0152329725178384	0.00902083993823627	0.00202827500327053	0.0164285721950801	0.960358466785818	0.282521617066224	0.521141515827622	0.271908404021075	0.419722248831187	0.0760683354667906	0.131118889562977	0.264393710222679	0.254637864092967
C:	0.339230640848411	0.254298778732273	0.472189961031083	0.130317155386138	0.280347885669667	0.182122579641871	0.339848916713683	0.683031007381858	0.0297870835339899	0.977568626848229	0.00397452595342061	0.000833609741955831	0.0192144030340803	0.0696739924356039	0.129383671622931	0.160635980406636	0.23473743530955	0.12934884483583	0.313223370277824	0.110439490574434
G:	0.231796267495521	0.207824065980148	0.148597517670746	0.367403958529914	0.232065575483931	0.283323404083047	0.0696739924356039	0.0192144030340803	0.000833609741955831	0.00397452595342061	0.977568626848229	0.0297870835339899	0.683031007381858	0.339848916713683	0.362879332236067	0.318877381402652	0.120953968129389	0.463648083886409	0.177933560288679	0.450220054264213
T:	0.26346975223673	0.392894103694007	0.214667243108132	0.317119812978339	0.247846740505423	0.228459306065564	0.521141515827622	0.282521617066224	0.960358466785818	0.0164285721950801	0.00202827500327053	0.00902083993823627	0.0152329725178384	0.0693355750230916	0.235828592119927	0.100764389359524	0.56824026109427	0.275884181714783	0.244449359210817	0.184702591068385
