Gene:  Yap1-primary  Motif:  TTACGTAA  Enrichment Score:  0.498631151164587
A:	0.297139389220055	0.143099656408262	0.148048974175135	0.240165494553105	0.212066674709923	0.397315684262166	0.00598305312103704	0.00884174199192179	0.976940079640434	0.00170170763806015	0.0609906699224145	0.0108832318030441	0.971014462985754	0.981979611273132	0.0359323423296379	0.320054659092044	0.182663106309379	0.247497462456298	0.248746246830484	0.19977492175937
C:	0.261107817954322	0.225205094388096	0.128066642893408	0.121986637300273	0.210623181083933	0.528033614720613	0.00346945095099188	0.0137239566732573	0.00300535940059381	0.900321829051087	0.036985793388438	0.009171329155928	0.00641983834906739	0.00856788465483898	0.0286597998241389	0.332486292796577	0.273096702611238	0.308570257270466	0.254302749581064	0.195647299171048
G:	0.211102270401314	0.313157700787058	0.305458361688568	0.201124097629886	0.327797304386324	0.0506796893067208	0.00856788465483898	0.00641983834906739	0.009171329155928	0.036985793388438	0.900321829051087	0.00300535940059381	0.0137239566732573	0.00346945095099188	0.516601880968915	0.228813164745992	0.154061217300564	0.204654231771333	0.309117911217458	0.177934627502186
T:	0.230650522424309	0.318537548416584	0.418426021242889	0.436723770516736	0.249512839819819	0.0239710117105001	0.981979611273132	0.971014462985754	0.0108832318030441	0.0609906699224145	0.00170170763806015	0.976940079640434	0.00884174199192179	0.00598305312103704	0.418805976877308	0.118645883365386	0.390178973778818	0.239278048501903	0.187833092370994	0.426643151567396
