Gene:  Yap6-primary  Motif:  G.TTACGT.A  Enrichment Score:  0.494092543754495
A:	0.174087951677417	0.228667083735279	0.134835418202285	0.114042751291751	0.252159817643163	0.0431053503299528	0.491181339728227	0.0274793335194432	0.0253621417551159	0.889853578790546	0.0383027741444746	0.172014665758115	0.0677491795020858	0.647095394392661	0.829947166512798	0.162651866310275	0.22825053178283	0.33788297787245	0.430873415114013	0.16637362391767
C:	0.297778351855871	0.141455704745413	0.0925776867831721	0.434062135093537	0.231441821784215	0.114796330117501	0.412899523106109	0.0237126961591273	0.0218909523730366	0.0326978183020437	0.555983952975851	0.0487256935656627	0.0850748747969342	0.193210742522601	0.0629316387032662	0.0765828265247527	0.474450394142096	0.0851689836354901	0.127636397563	0.439708155462633
G:	0.371597466780588	0.587981964639236	0.332561051773412	0.109854706423266	0.0720763694974002	0.646518565267711	0.0369440023053582	0.0566476457446794	0.112206821167627	0.049092268503534	0.103328425792557	0.722761511568345	0.0378650747601874	0.0646801253458196	0.0724450620380978	0.481959635627566	0.142053047431118	0.428013882940078	0.302302634489639	0.243749922055726
T:	0.156536229686123	0.0418952468800724	0.440025843241131	0.342040407191447	0.444321991075222	0.195579754284836	0.0589751348603059	0.89216032457675	0.840540084704221	0.0283563344038761	0.302384847087117	0.0564981291078776	0.809310870940792	0.0950137377389181	0.0346761327458379	0.278805671537406	0.155246026643956	0.148934155551983	0.139187552833349	0.150168298563971
