Gene:  Ybr239c-primary  Motif:  TTCCGGAA  Enrichment Score:  0.496681785629028
A:	0.290512745412539	0.2487453803143	0.318557623262786	0.535324960840035	0.270765081135006	0.247309212881642	0.00675734943795802	0.0508126121066936	0.00201881598553186	0.00261164463290611	0.00154062855851496	0.032575145535826	0.923911590436302	0.950011988427503	0.0326334842482528	0.28621448981377	0.367667801973596	0.316352124557447	0.281204025481386	0.247265971051838
C:	0.281886124780884	0.206422519419442	0.275102153697235	0.0818476441861965	0.232969583690981	0.213189977899475	0.03429753537569	0.010372856644261	0.962620889477514	0.972338677345917	0.0235090494626622	0.00278514900112769	0.0149029408127432	0.00893312675884919	0.794218509468737	0.238113667901385	0.16466094545872	0.286169305083013	0.322991570590797	0.176091521148337
G:	0.223264706827801	0.350352792645535	0.237818769187578	0.131371755108747	0.152708800822105	0.247477558966054	0.00893312675884919	0.0149029408127432	0.00278514900112769	0.0235090494626622	0.972338677345917	0.962620889477514	0.010372856644261	0.03429753537569	0.0460189120278144	0.235097885806207	0.160486929802744	0.171115643786849	0.126499774037976	0.362241762573697
T:	0.204336422978777	0.194479307620723	0.168521453852401	0.251455639865022	0.343556534351908	0.292023250252829	0.950011988427503	0.923911590436302	0.032575145535826	0.00154062855851496	0.00261164463290611	0.00201881598553186	0.0508126121066936	0.00675734943795802	0.127129094255196	0.240573956478639	0.30718432276494	0.226362926572691	0.26930462988984	0.214400745226129
