Gene:  Ydr520c-primary  Motif:  CGGAGATA  Enrichment Score:  0.499305742939378
A:	0.276486756175448	0.359401224102217	0.289536580509723	0.126865766405167	0.268207265188856	0.13803472475027	0.00309132155293414	0.00242551380042347	0.00324355101355324	0.978158462388105	0.0353511374899559	0.885656836200733	0.09033681354439	0.983220982507499	0.467267384223203	0.199082331502016	0.203974729676432	0.261207532127941	0.181625114808749	0.344356156606674
C:	0.212452726280074	0.329762418614748	0.281363034695781	0.41092362826697	0.233605154560052	0.354397472586931	0.990431684531191	0.00226208456199863	0.00171530528766859	0.00455335865625657	0.00865067991516518	0.00112634989012116	0.00128689298793465	0.00390069573438531	0.0524337188795534	0.194175663006464	0.143625851426793	0.147780548776648	0.183986517863222	0.277607677449057
G:	0.219825021000805	0.165409170098619	0.259507009594438	0.227641111472913	0.24839856811511	0.0805636009676873	0.0024847656903879	0.991484035924245	0.99194695217309	0.0157391428113098	0.950016461587524	0.00237364321811958	0.00211109929744374	0.00416576616949568	0.0698998474061893	0.121724844755176	0.247121026664287	0.294860959859466	0.259929832085081	0.233574526159543
T:	0.291235496543672	0.145427187184416	0.169593375200057	0.234569493854951	0.249789012135982	0.427004201695111	0.00399222822548661	0.00382836571333315	0.00309419152568794	0.00154903614432896	0.00598172100735529	0.110843170691026	0.906265194170232	0.00871255558862007	0.410399049491055	0.485017160736343	0.405278392232487	0.296150959235946	0.374458535242949	0.144461639784726
