Gene:  Yer130c-primary  Motif:  AATAGGGG  Enrichment Score:  0.496950727339677
A:	0.269591180134149	0.270181234203465	0.313306478640193	0.243951808206705	0.329945308299529	0.675071985234605	0.70190559803427	0.944965982944513	0.107308345483749	0.98826021371948	0.00939735182292826	0.00267409980252184	0.0492456175510133	0.010254267866973	0.0375273291951166	0.53346814205507	0.217250725045434	0.243914281438642	0.267956506282031	0.346828627977216
C:	0.353518842531065	0.24881993860293	0.17865057965786	0.252888477338988	0.125223052676098	0.0473061601555273	0.00681143497334921	0.00174902906543207	0.0038004906525797	0.00280986239778175	0.00182802091078487	0.00233007908616481	0.0015600379013205	0.00173300532694463	0.341944578644604	0.160565651666727	0.151533302816739	0.279983902643421	0.171323355219557	0.177255121058486
G:	0.130625600466019	0.20447217586397	0.272273829781563	0.193081890095821	0.341326168208903	0.144099055355287	0.0732937202863152	0.00369197912178836	0.00292376085554689	0.00631302803479933	0.986204711459332	0.990962231916165	0.948058909670384	0.982839694898218	0.231673443306237	0.12747248071379	0.521561050355134	0.285922048126195	0.217828010153764	0.181181294748217
T:	0.246264376868767	0.276526651329635	0.235769111920384	0.310077824358486	0.20350547081547	0.133522799254581	0.217989246706066	0.049593008868267	0.885967403008125	0.00261689584793904	0.00256991580695531	0.00403358919514793	0.00113543487728201	0.00517303190786459	0.388854648854043	0.178493725564413	0.109654921782693	0.190179767791741	0.342892128344648	0.29473495621608
