Gene:  Ygr067c-primary  Motif:  GCGGGGTA  Enrichment Score:  0.496688565718416
A:	0.0872663463653728	0.188809588518609	0.128317626793585	0.66875304281385	0.190564716295226	0.0966004161479549	0.00291745836841844	0.136650995025483	0.00421861341709595	0.00819342733108535	0.00467929494338526	0.0039389095671417	0.0551581906417169	0.825081380700629	0.288422709077972	0.186450342560788	0.241705614383861	0.180667175872375	0.689467629212518	0.464955613713347
C:	0.176045984280289	0.182201848480008	0.330016807473491	0.0672817610096581	0.246977230918972	0.223211327821046	0.00338118342643483	0.735999903451425	0.00585652197727189	0.00552698646032591	0.00722964579880624	0.00468867406445355	0.0864620943286301	0.0212828965031959	0.43586856745439	0.14849610605928	0.111287050732985	0.31499859379987	0.0518956483969869	0.179326243101781
G:	0.348442980639981	0.526133715974493	0.486239587911077	0.183966800494522	0.450720391473897	0.173328028355739	0.985219946780098	0.0216588541172218	0.985704225196037	0.984659868152809	0.986278501325241	0.986091938930078	0.110903487538409	0.0672158577617131	0.162461572052897	0.209054409173404	0.433744625801058	0.168945273743667	0.15204453755242	0.179462950296285
T:	0.388244688714356	0.10285484702689	0.0554259778218462	0.0799983956819693	0.111737661311904	0.50686022767526	0.00848141142504877	0.105690247405871	0.00422063940959493	0.00161971805577985	0.00181255793256808	0.00528047743832648	0.747476227491244	0.0864198650344618	0.113247151414741	0.455999142206528	0.213262709082096	0.335388956584089	0.106592184838075	0.176255192888587
