Gene:  Yll054c-primary  Motif:  TCCG..........CGGA  Enrichment Score:  0.473326115587122
A:	0.0228243063671493	0.0287900573357588	0.00869574308012652	0.0180846053126548	0.201851214398556	0.25	0.25	0.25	0.25	0.25	0.25	0.25	0.25	0.25	0.00861488147915167	0.0207186147266571	0.0369436411405887	0.747757399349498
C:	0.119623910826096	0.911624998139821	0.807740028333772	0.0446686432641171	0.252498086065943	0.25	0.25	0.25	0.25	0.25	0.25	0.25	0.25	0.25	0.928631869944077	0.162845613859444	0.0226413033838317	0.109794383457257
G:	0.109794383457257	0.0226413033838317	0.162845613859444	0.928631869944077	0.191790523956191	0.25	0.25	0.25	0.25	0.25	0.25	0.25	0.25	0.25	0.0446686432641171	0.807740028333772	0.911624998139821	0.119623910826096
T:	0.747757399349498	0.0369436411405887	0.0207186147266571	0.00861488147915167	0.353860175579311	0.25	0.25	0.25	0.25	0.25	0.25	0.25	0.25	0.25	0.0180846053126548	0.00869574308012652	0.0287900573357588	0.0228243063671493
