Gene:  Yml081w-primary  Motif:  T.CCCCGCA  Enrichment Score:  0.498119641775823
A:	0.314190617360501	0.162444222220292	0.247991706285283	0.294778128812128	0.466204549291779	0.230188698304131	0.127036714615936	0.793189213079863	0.040203199899759	0.00122816482889257	0.00183525393619918	0.000946823941861533	0.112544448692038	0.00384071683656966	0.689359037634239	0.201566307576427	0.283247485346512	0.277424684784102	0.320536254540247	0.208916758887929	0.0919739236957693
C:	0.171031669785707	0.375889597307564	0.101710487331974	0.180509254315741	0.122052100260452	0.345055621351803	0.107722894332626	0.0810775485483653	0.957291783714912	0.970390252126512	0.993719629046812	0.99257544875208	0.00203754328517331	0.991892807887486	0.0782715451833065	0.325604739554378	0.272196152134933	0.136229935887474	0.161610694877578	0.268162587850606	0.318876312706851
G:	0.281348191361749	0.0700703268937976	0.50563293586368	0.155746660094672	0.320491186142927	0.113318359195514	0.0731782253064239	0.0699898499957282	0.00067343886848598	0.000381843954614116	0.00261608573402471	0.00367023980051147	0.80354941267705	0.00257963987149927	0.00850878683523002	0.158487996885857	0.0833626989722135	0.205960879997956	0.334601327256493	0.218676371628106	0.351012303712311
T:	0.233429521492042	0.391595853578346	0.144664870519063	0.368965956777459	0.0912521643048422	0.311437321148552	0.692062165745014	0.0557433883760438	0.00183157751684282	0.0279997390899814	0.00182903128296454	0.00280748750554731	0.0818685953457385	0.00168683540444556	0.223860630347224	0.314340955983338	0.361193663546342	0.380384499330468	0.183251723325682	0.30424428163336	0.238137459885069
