Gene:  Ynr063w-primary  Motif:  ATCTCCGA  Enrichment Score:  0.498857845721314
A:	0.152403888629232	0.298778083233024	0.281750667700502	0.253880994247021	0.351112831695413	0.423146747569989	0.723733262017272	0.196227357687787	0.0848239642095567	0.00766351814599467	0.00241544023023286	0.000895143928968058	0.00275874005937109	0.838073147125095	0.333736233177285	0.279495685626135	0.192343543327478	0.16435598652158	0.309505931653392	0.279157140355195
C:	0.432047468372789	0.327890338549239	0.185567107715544	0.263281088068859	0.218651975137051	0.135314823700559	0.00143997424113297	0.0282629870583583	0.848670231873907	0.00667330742476899	0.992487551914016	0.971421026796586	0.0023207114031371	0.0225323303535694	0.130306896366321	0.277301365868646	0.340626087553919	0.463233197845696	0.196893797563486	0.300568349587772
G:	0.282482484339535	0.187087796491149	0.211624632138234	0.142767774745513	0.251751257087028	0.182673311885935	0.00711214924754198	0.00187465129426477	0.0154525169734409	0.0150411543065123	0.00154108883996901	0.0262938411929612	0.992759010262891	0.11576628427981	0.370915446401887	0.313922319145699	0.224070056205127	0.167371020580211	0.370998901551399	0.239607821844059
T:	0.133066158658445	0.186243781726588	0.32105759244572	0.340070142938606	0.178483936080508	0.258865116843517	0.267714614494053	0.77363500395959	0.0510532869430958	0.970622020122724	0.00355591901578178	0.00138998808148426	0.00216153827460025	0.0236282382415252	0.165041424054507	0.129280629359521	0.242960312913476	0.205039795052513	0.122601369231723	0.180666688212973
