Gene:  Yox1-primary  Motif:  TTAATTAA  Enrichment Score:  0.499719770211573
A:	0.217886459781403	0.192342072555012	0.217685486572538	0.269704947459503	0.371506555748084	0.639289235457269	0.010601031574394	0.112104892584067	0.974582420914382	0.969875952342347	0.0255068443558581	0.0134603359140251	0.788074036612545	0.690765678142825	0.354414870855831	0.265388365087344	0.350785949814565	0.257793336099855	0.142511252780686	0.114702262039021
C:	0.214167849373446	0.222588029297375	0.389476946716785	0.377999353825447	0.285785337774616	0.0854728194463591	0.266498107011962	0.0994143348345488	0.0105940244553706	0.0015022337644727	0.00311496953732229	0.00136321871622217	0.000406735968839187	0.0321351832708191	0.0850257939194925	0.174923193004142	0.149794646054824	0.3248357678477	0.172329590763079	0.409946855257459
G:	0.209004667553951	0.17802353872506	0.250722194623833	0.17389466441407	0.103544477484871	0.10877748296775	0.0321351832708191	0.000406735968839187	0.00136321871622217	0.00311496953732229	0.0015022337644727	0.0105940244553706	0.0994143348345488	0.266498107011962	0.100779821852702	0.214535789933587	0.142989141845621	0.217905938645282	0.33325228017486	0.389379027925351
T:	0.3589410232912	0.407046359422553	0.142115372086844	0.178401034300981	0.239163628992428	0.166460462128622	0.690765678142825	0.788074036612545	0.0134603359140251	0.0255068443558581	0.969875952342347	0.974582420914382	0.112104892584067	0.010601031574394	0.459779513371974	0.345152651974926	0.35643026228499	0.199464957407163	0.351906876281374	0.0859718547781688
