Gene:  Ypr013c-primary  Motif:  GTAAATCA  Enrichment Score:  0.498425112533849
A:	0.23011892336927	0.213224022842625	0.295928920763742	0.547582356474398	0.44419407683325	0.0145442072633045	0.00223278284492278	0.00327045741731615	0.971017377354864	0.712593740004004	0.989940118567342	0.0020201266483569	0.00223879165269436	0.643541843682643	0.132429903032975	0.358144483536715	0.256462436627107	0.203868088405373	0.310200352460421	0.220381815678983
C:	0.165741313345967	0.19605550571553	0.150736580962277	0.083206231409831	0.213396340313097	0.522445380519371	0.00233752046252333	0.0157313294267783	0.0224083581522378	0.00228436349552402	0.000929312848062913	0.00251438949462877	0.991439234957172	0.296993424380562	0.468985939519007	0.123390950444001	0.154052800424441	0.293018484196837	0.266256298168956	0.201788126607896
G:	0.272440061739354	0.262177524527186	0.298602651832724	0.242688613488723	0.225690625495433	0.01042084738768	0.991993412778933	0.00220485265666339	0.000912678147732389	0.276838798127581	0.00657377247001302	0.00294783052135694	0.00221921194076107	0.0216419383790359	0.0900501552648085	0.127103542940477	0.12792058322537	0.141928391680157	0.196430351416002	0.293707748713822
T:	0.331699701545409	0.328542946914659	0.254731846441258	0.126522798627048	0.11671895735822	0.452589564829645	0.00343628391362094	0.978793360499242	0.00566158634516576	0.00828309837289044	0.00255679611458213	0.992517653335657	0.00410276144937208	0.0378227935577598	0.30853400218321	0.391361023078806	0.461564179723082	0.361185035717633	0.227112997954621	0.284122308999299
