Gene:  Ypr015c-primary  Motif:  CGTAAATC  Enrichment Score:  0.497831351734497
A:	0.0754803377725373	0.158028750251326	0.382062693360719	0.37659017480021	0.274562719893532	0.552472324123609	0.0163587004491309	0.00414091476938036	0.00251694543611276	0.983715203032343	0.884304258154714	0.986891782428075	0.00535594208956346	0.00491782001378646	0.326316734753401	0.086949480877542	0.258572406749083	0.450375397529559	0.281153987377987	0.333856825110076
C:	0.242650264424194	0.204851173876503	0.170352703363521	0.240190864417181	0.0505883439031061	0.169548433640045	0.747755460644003	0.00462498543213861	0.0160282616490639	0.0076062023250015	0.00149917803012954	0.00223147860793568	0.00213646440209706	0.98396842814227	0.575521774733016	0.221665211412094	0.190531241974881	0.110051379746138	0.396643805528697	0.330748326141043
G:	0.144115894241726	0.34133245738354	0.173377859512377	0.137933916724827	0.462411805325198	0.240438042553377	0.0174248073682879	0.988380903934311	0.00313034853935546	0.00341439214620301	0.109974291970744	0.0042064833395273	0.00280341027774224	0.00170042192918309	0.0551041922759117	0.0779739090996932	0.196110576462209	0.173065330124438	0.0620532413587151	0.0689057561583996
T:	0.537753503561543	0.295787618488631	0.274206743763383	0.245285044057783	0.212437130878165	0.0375411996829693	0.218461031538579	0.00285319586416958	0.978324444375468	0.00526420249645251	0.00422227184441172	0.00667025562446167	0.989704183230597	0.00941332991476062	0.0430572982376716	0.61341139861067	0.354785774813827	0.266507892599865	0.260148965734601	0.266489092590482
