Gene:  Ypr196w-primary  Motif:  ATTTC.CCG  Enrichment Score:  0.474418198610895
A:	0.561254859038703	0.279765281202872	0.239865066010756	0.165666588397132	0.153660684755288	0.37690646629208	0.740768277178652	0.358959271015582	0.114521443483716	0.121009072670187	0.161187041367876	0.140861241011521	0.0161712125409878	0.0311412250334803	0.0317510166894517	0.488557716478136	0.297075536569894	0.198081947746445	0.458088265951661	0.298826922875154	0.141242148894849
C:	0.153512411736749	0.19275353776073	0.303931192980324	0.163636353965414	0.346222141639394	0.103784661690102	0.0291315116752712	0.0082876652246151	0.031972373783929	0.0605001921396391	0.497761950937295	0.292286566421747	0.860224561881965	0.917462899326944	0.0835687417327711	0.146407465499238	0.17394168615474	0.180451874580594	0.119426809956126	0.154729665867053	0.246954925235489
G:	0.108706295316561	0.189809544494894	0.241281017287719	0.161962123977746	0.23316482922734	0.230254929690015	0.102720998947901	0.0156401316483082	0.00943128450607863	0.0236754700292966	0.0300229040153095	0.0430422884838438	0.107270535085342	0.0371658425974249	0.830845350282921	0.285711965733182	0.197844840207424	0.3113742074413	0.112413044595463	0.19154084215287	0.197995374552713
T:	0.176526433907987	0.337671636541504	0.214922723721202	0.508734933659708	0.266952344377977	0.289053942327802	0.127379212198176	0.617112932111495	0.844074898226276	0.794815265160878	0.31102810367952	0.523809904082889	0.0163336904917058	0.0142300330421508	0.0538348912948566	0.0793228522894449	0.331137937067942	0.310091970231661	0.31007187949675	0.354902569104924	0.413807551316949
