Gene:  Yrr1-FL-primary  Motif:  CGGA.ATAA  Enrichment Score:  0.498993805409293
A:	0.212139816859945	0.333045686154687	0.325689896478034	0.205036171610977	0.210227614781181	0.341738622462876	0.00555704739123978	0.00491322867164852	0.00132662141498945	0.930721063768195	0.725499799790077	0.894681749633559	0.0118468713638858	0.836290632482091	0.866290813695237	0.187362113291907	0.232997249430355	0.145995402938122	0.276197364656096	0.103266934873474	0.272082195137992
C:	0.343176151842149	0.149961063531911	0.265747724388485	0.279477350969839	0.373196775917569	0.0511833975296729	0.971649478995668	0.00294960687094981	0.0229224404583408	0.0125001410020219	0.0291302050997482	0.0033772804228081	0.00693676034625043	0.00338913219830861	0.055535024150303	0.351376900117424	0.285873195784238	0.310616129875886	0.159810906606226	0.373233433756389	0.317398386169825
G:	0.304581103675788	0.366303524198445	0.135720768073853	0.294853325152038	0.266709305988356	0.597445744360058	0.00462670555415368	0.989422264629533	0.973319546572422	0.054661750282254	0.124166780995933	0.00553114348737999	0.00163845395539141	0.00917572494876491	0.0543674689581071	0.32333968541843	0.304273144760788	0.327381142908633	0.26519635997531	0.302597312586291	0.157168877516865
T:	0.140102927622118	0.150689726114958	0.272841611059628	0.220633152267146	0.149866303312895	0.00963223564739274	0.0181667680589387	0.00271489982786849	0.00243139155424782	0.00211704494752931	0.121203214114242	0.0964098264562533	0.979577914334472	0.151144510370836	0.0238066931963529	0.13792130117224	0.176856410024619	0.216007324277359	0.298795368762368	0.220902318783846	0.253350541175318
