Protein: Cbf1	Seed k-mer: ATCACGTG	Enrichment Score: 0.499010437669239
A:	0.251714422716682	0.231020715440932	0.371175995676819	0.343515826416987	0.189181911178663	0.373249743142318	0.159425685466501	0.387398837326962	0.160370450851774	0.00579566973382471	0.984310428811586	0.000520578518462409	0.0512168242470759	0.00554791387069823	0.00108871328362558	0.436684281349379	0.106429865986653	0.0872652424535894	0.2779359708333	0.222894293683715	0.366796870220836	0.226022414885529
C:	0.10226033847082	0.315992694980937	0.148489261324769	0.182792315701972	0.406736016253256	0.213860951366744	0.324485360588445	0.0418650553618826	0.045745403962552	0.99055073718171	0.0105040001038691	0.975244090256611	0.0064124125195024	0.00433861322483728	0.0016092288172844	0.262472975122313	0.184027817720692	0.549338793818378	0.127202171464537	0.198102864294932	0.306135553163069	0.321957177096839
G:	0.130212757211399	0.266959960914667	0.154092799416608	0.241158374156534	0.15046928890062	0.0930127274890034	0.354968645980097	0.554463521652852	0.0956960762910429	0.00242503126912309	0.0010685902059978	0.00922202192948052	0.94180586404824	0.00940766558113401	0.973242502288466	0.0857562483507934	0.0600857360004131	0.129208087201377	0.253172180381345	0.437904236128241	0.1940215817188	0.116641876697499
T:	0.515812481601099	0.186026628663464	0.326241943581804	0.232533483724507	0.253612783667461	0.319876578001935	0.161120307964957	0.0162725856583034	0.698188068894632	0.00122856181534235	0.00411698087854669	0.0150133092954459	0.000564899185181348	0.98070580732333	0.0240595556106241	0.215086495177514	0.649456580292242	0.234187876526655	0.341689677320817	0.141098605893113	0.133045994897295	0.335378531320133



