Protein: Ceh-22	Seed k-mer: CCACTTGA	Enrichment Score: 0.495324368357784
A:	0.218778043626052	0.200440482503951	0.270240354423606	0.164026796531716	0.30145498496884	0.44619971101999	0.332370469982153	0.0875674333361787	0.00403161087812904	0.935781401313482	0.0162319035040645	0.00384942531363552	0.00577683866044638	0.0775070113376861	0.950338848583324	0.468815480677297	0.514900812772197	0.279374950374812	0.182232773988869	0.368134089845874	0.312012985582453	0.129041375081975
C:	0.218033161705318	0.371875374945378	0.231519225481337	0.331639781802391	0.162460919878261	0.145003707113821	0.158968080839944	0.713036875198597	0.895148746401318	0.0101739656967854	0.979879463759211	0.0028735930060003	0.161654291594069	0.272906773987202	0.00125107742708459	0.290022617800887	0.209808800416613	0.1478718436756	0.173248965571712	0.205419291542162	0.452755159240675	0.0863832003963059
G:	0.089154432137262	0.250604581463856	0.250138613116389	0.206939856921822	0.240865260883026	0.30454747553929	0.314908897313025	0.193733700755098	0.00211048704030928	0.00055269442529811	0.00179591841864133	0.00308313214926475	0.000756592895254934	0.639565274122391	0.00823374803837524	0.209849852117145	0.154128535401822	0.236812256090676	0.196750001337881	0.132614571390808	0.110261684815508	0.428364491646009
T:	0.474034362531368	0.177079561086814	0.248101806978668	0.297393564744071	0.295218834269873	0.104249106326898	0.193752551864879	0.0056619907101263	0.0987091556802436	0.0534919385644341	0.00209271431808322	0.990193849531099	0.83181227685023	0.0100209405527209	0.0401763259512163	0.0313120494046717	0.121161851409368	0.335940949858912	0.447768259101539	0.293832047221156	0.124970170361364	0.356210932875709
