Protein: Oct-1	Seed k-mer: TATGCATA	Enrichment Score: 0.49799293350564
A:	0.113407983292124	0.268352481629687	0.342194158510589	0.31014880711094	0.475601858231431	0.340020163714243	0.542627725279659	0.0241685786005029	0.582078060278925	0.00609263390546519	0.00926103775451688	0.206906807042129	0.96873139354497	0.398072668657831	0.928705156289289	0.546276070555697	0.195412740687041	0.143212635620449	0.373919334853653	0.283422282839824	0.305980576541589	0.358777003183004
C:	0.253554613296857	0.209656382008149	0.177588634788598	0.188742308484516	0.174076034340176	0.149052279789382	0.0858567029206254	0.0386145498161093	0.0156341272038027	0.0227503742673277	0.00119355135281692	0.782638603850537	0.00242559828223715	0.00421514385944115	0.00851171529409917	0.0784147535060219	0.208910540799538	0.398667509996108	0.217190410159334	0.225438979517905	0.149258103254397	0.354317075322916
G:	0.101907646214796	0.207197435325396	0.149651188513373	0.263608523119453	0.193607795547863	0.249855968590713	0.0411025361977823	0.00851171529409917	0.00421514385944115	0.00242559828223715	0.782638603850537	0.00119355135281692	0.0227503742673277	0.0156341272038027	0.0386145498161093	0.0390184778308588	0.234691011635615	0.278457201189454	0.242670672599949	0.30287663034808	0.215344277480448	0.137306760455246
T:	0.531129757196224	0.314793701036768	0.33056601818744	0.23750036128509	0.15671431188053	0.261071587905661	0.330413035601934	0.928705156289289	0.398072668657831	0.96873139354497	0.206906807042129	0.00926103775451688	0.00609263390546519	0.582078060278925	0.0241685786005029	0.336290698107423	0.360985706877806	0.179662653193989	0.166219582387063	0.188262107294191	0.329417042723565	0.149599161038834
