Protein: Rap1	Seed k-mer: CCC..ACACC	Enrichment Score: 0.496697933727067
A:	0.175939783416262	0.157287641927648	0.191471765320359	0.381434004866677	0.205231680021881	0.559427068910469	0.0530977568701434	0.0172649636780953	0.0348807333734091	0.242103217882408	0.110536450147589	0.939665813250589	0.0128339510289588	0.918878649407037	0.00508745691904976	0.0178385333755575	0.0879847450294074	0.112008765760488	0.288539107784518	0.325882342232865	0.394387963833965	0.449134554553972	0.264962866734032
C:	0.289798331659344	0.160912469156297	0.0669504264251705	0.207442376302878	0.534565120986538	0.0329550317213584	0.868555943648074	0.963009726463514	0.936419141575658	0.145863007037038	0.0837333238551902	0.0204977633566497	0.971000522845802	0.0716372151186314	0.922033977265833	0.966216289226107	0.804165394566495	0.608960736308482	0.202862359438552	0.140504626182258	0.244667232903295	0.1654436832701	0.326201801849955
G:	0.0938211847045883	0.260604646349924	0.22134297137817	0.0395275495310657	0.0947268455645782	0.267426812083714	0.0207807611105676	0.0106021465915966	0.0076462102138522	0.461222937186601	0.131472025915819	0.0325009085913101	0.00521778564515654	0.00440970820720207	0.00488908825572204	0.00864020557742115	0.0237179081454822	0.173491101942655	0.283648931313512	0.275939911226025	0.190408747050628	0.191538735287975	0.244770869675754
T:	0.440440700219806	0.421195242566131	0.5202348368763	0.37159606929938	0.165476353427002	0.140191087284459	0.0575655383712147	0.00912316326679389	0.021053914837081	0.150810837893953	0.674258200081401	0.00733551480145178	0.0109477404800827	0.00507442726713005	0.0679894775593955	0.00730497182091469	0.0841319522586155	0.105539395988376	0.224949601463418	0.257673120358851	0.170536056212112	0.193883026887953	0.164064461740259
