Protein: Zif268	Seed k-mer: C.CCCACGC	Enrichment Score: 0.497392731288465
A:	0.104823770903704	0.644922437371768	0.201205002245849	0.360605735635506	0.199830862915314	0.234307532747649	0.274112468849797	0.06706955309328	0.106745161669367	0.0251283444172222	0.00641212407203422	0.00958777885266608	0.621521270811067	0.00260035152693333	0.118773242664076	0.0223575280424013	0.713211794189399	0.166567805959209	0.225039707344065	0.268975610715736	0.137051832157142	0.135819352112051	0.272440267002979
C:	0.412715538091627	0.0654764702838664	0.166163647730632	0.256315833973314	0.240681362265463	0.204076465187833	0.462434941517815	0.717500631262602	0.084442295055128	0.967053128714382	0.982989303840361	0.87762007705223	0.355442885788978	0.980274829135214	0.0266580765550326	0.822101477792432	0.0809115545340138	0.250954729216936	0.222494090636736	0.223206107301664	0.229057615677303	0.304550213762181	0.319501253128711
G:	0.254506062209034	0.140478757053577	0.347130528800421	0.150765523364702	0.279350341830511	0.321305529647794	0.111425020974351	0.0739338157448341	0.658566030324044	0.00358476549804579	0.00322719221974865	0.00257100798165404	0.0156693774131588	0.00419052951525777	0.783843396958987	0.0246841877533743	0.128792875556441	0.107933602245927	0.163300547217749	0.265314467406299	0.14843908983873	0.14199380974335	0.230580139384247
T:	0.227954628795635	0.149122335290788	0.285500821223098	0.232312907026478	0.280137432988713	0.240310472416724	0.152027568658038	0.141495999899284	0.15024651295146	0.00423376137035011	0.00737137986785629	0.11022113611345	0.007366465986797	0.0129342898225947	0.0707252838219043	0.130856806411793	0.0770837757201459	0.474543862577929	0.38916565480145	0.242503814576301	0.485451462326825	0.417636624382418	0.177478340484063
