Alx3_3418.2

A:	0.296148657596216	0.366485012957055	0.405110005315028	0.534567583377328	0.0398126604124487	0.00399151765509903	0.986740063949868	0.985422443139908	0.00342053364735302	0.00373764873482481	0.914489287667287	0.474986619712669	0.0788300748914809	0.0680372337318092	0.239871963504608	0.434308918001799	0.262172744309193
C:	0.0337256461301689	0.200782599163003	0.180765265989535	0.15490334305995	0.476597724000135	0.0802261363706575	0.00623477386242639	0.00256087451745714	0.00859614869528189	0.00328751345288062	0.00129305830695667	0.00860299587474775	0.442223463102897	0.145671144780919	0.271584698578684	0.190824267652889	0.253994266899472
G:	0.12701708883705	0.243220496413808	0.159570753567374	0.22802551410435	0.00860299587474775	0.00129305830695667	0.00328751345288062	0.00859614869528189	0.00256087451745714	0.00623477386242639	0.0802261363706575	0.476597724000135	0.0547442374199558	0.10283818280632	0.339298468811465	0.135524407699464	0.285559604852929
T:	0.543108607436565	0.189511891466135	0.254553975128062	0.0825035594583727	0.474986619712669	0.914489287667287	0.00373764873482481	0.00342053364735302	0.985422443139908	0.986740063949868	0.00399151765509903	0.0398126604124487	0.424202224585666	0.683453438680952	0.149244869105244	0.239342406645848	0.198273383938407
