Arx_1738.2

A:	0.238875701597938	0.13289300768129	0.157987826872697	0.216183043828206	0.495201452236674	0.0133455677922882	0.00735414035926184	0.98441389620534	0.985317289384088	0.00547659199608035	0.00646366401885877	0.863636011532123	0.603403937848623	0.157440039236652	0.175884766893965	0.0894468388485512	0.530415531164104
C:	0.221137438868083	0.156332625752863	0.365000397541671	0.556086700590757	0.059334692493123	0.377209153355742	0.126435604983882	0.00468474963666317	0.00208589003719872	0.0071202285826324	0.00443769013913765	0.00257424312473324	0.00604134100334724	0.162370843373269	0.113000299053755	0.363847136401825	0.0968678808813858
G:	0.397920111918622	0.189664643306885	0.288827891134921	0.12550986490595	0.376225071474657	0.00604134100334724	0.00257424312473324	0.00443769013913765	0.0071202285826324	0.00208589003719872	0.00468474963666317	0.126435604983882	0.377209153355742	0.139647078999778	0.443148996144302	0.370722583117355	0.0694972180286167
T:	0.142066747615357	0.521109723258962	0.188183884450711	0.102220390675086	0.0692387837955465	0.603403937848623	0.863636011532123	0.00646366401885877	0.00547659199608035	0.985317289384088	0.98441389620534	0.00735414035926184	0.0133455677922882	0.540542038390301	0.267965937907978	0.175983441632269	0.303219369925893
