Bapx1_2343.1

A:	0.301697415506957	0.364458448324299	0.228472142778414	0.559532397515519	0.506611498738942	0.0542216704915643	0.0019779748808733	0.950561212337304	0.0375285309878321	0.00157126532660891	0.00127362551408167	0.926306098809604	0.638246096622734	0.266451729830626	0.307018762372596	0.550380032422379	0.187981748070038
C:	0.347856038526208	0.225587321918888	0.141747315378958	0.164793466353168	0.130881555727194	0.680705505639894	0.899030149716075	0.0021212558565394	0.960533980299245	0.00553830877299491	0.0525274450729214	0.00688636931455484	0.038639276310764	0.337698188085516	0.250170119199103	0.190997310926739	0.330355859855268
G:	0.239074578750587	0.0748424544737687	0.139010296714892	0.197556554407378	0.113225998265168	0.257913143834023	0.000622419956408679	0.000888442034656419	0.000659504148662738	0.00140298391429421	0.00051975267873085	0.00382276997479674	0.145042456846914	0.283972043771587	0.243307118654067	0.122919561644922	0.168897054895184
T:	0.111371967216248	0.335111775283044	0.490770245127737	0.0781175817239348	0.249280947268696	0.00715968003451877	0.0983694554466435	0.0464290897715	0.00127798456426046	0.991487441986102	0.945679176734266	0.0629847619010446	0.178072170219588	0.111878038312272	0.199503999774234	0.13570309500596	0.312765337179511
