Barhl2_3868.1

A:	0.46169525097026	0.573918272332851	0.509201553318659	0.781754137617161	0.909628843899608	0.185304501506517	0.00415153584927938	0.952728241426751	0.962647917759376	0.0029485634706846	0.00277344879615754	0.985959813508905	0.72847903072808	0.100753537699522	0.392007436898581	0.323968126160681
C:	0.224449349313833	0.178051759401297	0.299282717754695	0.0358785509344504	0.0180025825653794	0.442819187985538	0.938941114697755	0.00409436948830095	0.00652234624951083	0.00200687671906637	0.00379358276927047	0.000634582103688717	0.0231978298219398	0.330008680311483	0.2117006298064	0.27124717402764
G:	0.118883882646052	0.0846073264156103	0.046830207643702	0.132996257241366	0.0663265379520705	0.168153108279741	0.00074104695029167	0.0369151241361215	0.00109504742677871	0.00214289574022632	0.00168229232839146	0.00318341184175479	0.141457130266238	0.347596528359693	0.147142152549644	0.123950242841964
T:	0.194971517069855	0.163422641850242	0.144685521282944	0.0493710542070227	0.0060420355829417	0.203723202228204	0.0561663025026739	0.00626226494882672	0.0297346885643343	0.992901664070023	0.991750676106181	0.0102221925456518	0.106866009183742	0.221641253629302	0.249149780745375	0.280834456969715
