Barhl1_2590.2

A:	0.467513655474231	0.607254451775712	0.280889112104973	0.748943821479854	0.723747420758611	0.0757487199032175	0.00505312668997303	0.951342393650464	0.890431172516386	0.00427476118657042	0.00585026609211265	0.979314339608131	0.546971368214911	0.120450882970058	0.2747654239278	0.223912911106056
C:	0.210142065270016	0.124873995845633	0.423564954981885	0.0676549028380229	0.0237319115616991	0.608700852473584	0.76434048818857	0.0060096802093795	0.0101108945755294	0.0012906969980675	0.00660761818976652	0.000731722819275408	0.0347864565989392	0.194359418505778	0.177491326276543	0.420032476789306
G:	0.140579667489763	0.137586959088826	0.125410876431518	0.136796155501957	0.218758609555075	0.182229602119569	0.000825341532532426	0.0294729149851992	0.000909643487877096	0.00211332591819911	0.000432312774576528	0.00199644940624892	0.326876098783667	0.328319806569691	0.231887784002395	0.139774508402846
T:	0.181764611765991	0.130284593289828	0.170135056481624	0.0466051201801658	0.0337620581246146	0.133320825503629	0.229781043588924	0.0131750111549575	0.0985482894202072	0.992321215897163	0.987109802943544	0.0179574881663446	0.0913660764024834	0.356869891954473	0.315855465793262	0.216280103701793
