Barx2_3447.2

A:	0.192205579291256	0.514523548748263	0.632530248782221	0.105386697111796	0.00566281213370283	0.959372442710968	0.978442944226457	0.010504041889615	0.00691278562846639	0.723574613223216	0.270117486571163	0.0248085980465408	0.099243598405027	0.34350801289717	0.178538654403309	0.383122545785737
C:	0.148293246568177	0.165001173569128	0.111560124604731	0.19861342928215	0.269485010153131	0.02975902156893	0.00761001135975938	0.00344300252416865	0.0039557500916357	0.00127756448994948	0.230774631757706	0.231101028566507	0.102528031979088	0.100560835099063	0.197398721836094	0.112329907905128
G:	0.146005870653391	0.119087522997317	0.231101028566507	0.385536633725768	0.00127756448994948	0.0039557500916357	0.00344300252416865	0.00761001135975938	0.02975902156893	0.269485010153131	0.347508830146296	0.111560124604731	0.381140268624048	0.320672004848092	0.105087081396827	0.329671935566364
T:	0.513495303487176	0.201387754685291	0.0248085980465408	0.310463239880286	0.723574613223216	0.00691278562846639	0.010504041889615	0.978442944226457	0.959372442710968	0.00566281213370283	0.151599051524835	0.632530248782221	0.417088100991837	0.235259147155675	0.518975542363769	0.174875610742771
