Barx1_2877.1

A:	0.50411234068967	0.487025284485207	0.529057192197658	0.181970247573346	0.00971773982324003	0.928086570068	0.979770077472925	0.00343784068400861	0.00177562035863509	0.527751345039185	0.0560876339073073	0.0290162664951565	0.251486594959046	0.38181596052477	0.559373954656295	0.31457098233126
C:	0.26481191641207	0.235106761897768	0.0568372460382225	0.301205872605043	0.461877799456162	0.0537862483413736	0.0144838719718531	0.00230820987121333	0.0163515612319916	0.00065311568141282	0.387793048741903	0.385089295268963	0.20605178408417	0.22982800802303	0.0787304685074415	0.139380576755384
G:	0.0872233971644549	0.115989884533718	0.385089295268962	0.435390876496562	0.00065311568141282	0.0163515612319916	0.00230820987121333	0.0144838719718531	0.0537862483413736	0.461877799456162	0.4019546695946	0.0568372460382225	0.295876353231536	0.156208848460907	0.151103792946092	0.0811680897549476
T:	0.143852345733806	0.161878069083307	0.0290162664951565	0.0814330033250489	0.527751345039185	0.00177562035863509	0.00343784068400861	0.979770077472925	0.928086570068	0.00971773982324003	0.154164647756189	0.529057192197659	0.246585267725248	0.232147182991293	0.210791783890171	0.464880351158408
