Bsx_3483.2

A:	0.300809590515043	0.415579765938802	0.276307184815481	0.205200974316417	0.00597476999648775	0.923080279177694	0.9803195840863	0.00398762670477884	0.00234401269229562	0.538818521423709	0.198577472520636	0.157136533792122	0.138722235137271	0.211636596084879	0.746067317995954	0.287673957181087
C:	0.361652672268064	0.269576155226557	0.0711122326298947	0.128060488238324	0.454761180504286	0.0521077647661542	0.011144492770377	0.0045482964385443	0.0224679433638561	0.000445528075517769	0.320840357693472	0.495444048762503	0.18831574582466	0.368966365800053	0.051553722836575	0.124688849407595
G:	0.277518333223304	0.248677032656714	0.495444048762503	0.449376613393795	0.000445528075517769	0.0224679433638561	0.0045482964385443	0.011144492770377	0.0521077647661542	0.454761180504286	0.276797952431552	0.0711122326298947	0.180010345044197	0.311497987222264	0.127512486701976	0.315447243617278
T:	0.0600194039935886	0.0661670461779269	0.157136533792122	0.217361924051464	0.538818521423709	0.00234401269229562	0.00398762670477884	0.9803195840863	0.923080279177694	0.00597476999648775	0.20378421735434	0.276307184815481	0.492951673993871	0.107899050892805	0.0748664724654953	0.272189949794039
