Cart1_1275.1

A:	0.174227624306575	0.331733340204218	0.290109451492931	0.324855082972215	0.0193049709560858	0.0120256405241907	0.983754726799045	0.983405986611554	0.00824263407172326	0.00411914234922898	0.946665041981104	0.736339248961354	0.157480257433172	0.171866976913844	0.242309968469462	0.255290974824018	0.270197110359092
C:	0.405147082468034	0.212442172756635	0.464435967314723	0.197475488091142	0.239060619497808	0.0401536788521634	0.00462105232173117	0.00151356259962953	0.00683781671709291	0.00750507852999524	0.00115563864254187	0.005295160584752	0.215049626374627	0.233589343347094	0.198939332857399	0.206290492816682	0.339147591051006
G:	0.202170425854536	0.354745684246823	0.102109208949022	0.263554054743209	0.005295160584752	0.00115563864254187	0.00750507852999524	0.00683781671709291	0.00151356259962953	0.00462105232173117	0.0401536788521634	0.239060619497808	0.202348151446325	0.189747076373745	0.323930788570738	0.287602686752835	0.21308619790369
T:	0.218454867370855	0.101078802792324	0.143345372243324	0.214115374193434	0.736339248961354	0.946665041981104	0.00411914234922898	0.00824263407172326	0.983405986611554	0.983754726799045	0.0120256405241907	0.0193049709560858	0.425121964745876	0.404796603365317	0.234819910102401	0.250815845606465	0.177569100686213
