Cart1_0997.1

A:	0.187424927438189	0.0683804454265545	0.378046931245236	0.434705999998537	0.0468949868632908	0.00814993073447267	0.984483375460811	0.98132243106504	0.00915661852187714	0.00212662375074672	0.918100025604088	0.525250985028557	0.149044883923887	0.227188660309725	0.391689625188996	0.242383944731549	0.149570604150693
C:	0.443756390611169	0.210258800364593	0.325347744237791	0.0931619612121894	0.404774482248768	0.0728340885249432	0.00455792981826355	0.00087592384676583	0.00864502656631704	0.00883207097017847	0.000915955136496251	0.0230795458593838	0.209191872123498	0.319152205089288	0.313273951087684	0.290083718640562	0.396788595644551
G:	0.172560689813746	0.650768539031151	0.141620571189657	0.306117973385082	0.0230795458593838	0.000915955136496252	0.00883207097017847	0.00864502656631704	0.00087592384676583	0.00455792981826355	0.0728340885249432	0.404774482248768	0.110691161334109	0.160245024151676	0.122860606997077	0.230939700315016	0.1446984713966
T:	0.196257992136896	0.0705922151777024	0.154984753327316	0.166014065404191	0.525250985028557	0.918100025604088	0.00212662375074672	0.00915661852187714	0.98132243106504	0.984483375460811	0.00814993073447267	0.0468949868632908	0.531072082618506	0.29341411044931	0.172175816726244	0.236592636312873	0.308942328808157
