Cdx1_2245.1

A:	0.29135524430947	0.387797334792095	0.400923144398927	0.142484201977123	0.126833026614536	0.0090268872796377	0.492446500757888	0.819860152656866	0.00646285139846433	0.738256255052481	0.918083375976979	0.938709727193694	0.643682868793686	0.16380923434606	0.137902175179196	0.357357809351399
C:	0.151940329145602	0.102677943181678	0.248207167040434	0.0558379621572022	0.0334787109893068	0.282656627715711	0.4695476332235	0.00314816399965907	0.00329758321399758	0.00865098691553848	0.00165141454665199	0.00765983879634077	0.109771630057643	0.229089592373557	0.10761141710842	0.214435241568216
G:	0.179691604747028	0.306995737762289	0.238259939305958	0.727507577946555	0.82862783123329	0.00226074141683594	0.00166575358435544	0.174821629291609	0.00308254170008089	0.00193876663756688	0.0036673415707666	0.00359201660572998	0.0518670264182062	0.17321312803897	0.261515026618623	0.101053875767788
T:	0.3770128217979	0.202528984263938	0.112609749254681	0.07417025791912	0.0110604311628666	0.706055743587815	0.0363401124342565	0.0021700540518667	0.987157023687457	0.251153991394414	0.0765978679056025	0.0500384174042357	0.194678474730464	0.433888045241413	0.492971381093761	0.327153073312596
