Cdx2_4272.1

A:	0.314704269165691	0.358628232374194	0.298646040059885	0.188477847623941	0.171258835150781	0.00284893420619193	0.57694753990769	0.968871718469906	0.00697018860079324	0.878078098299101	0.951183479500794	0.939503951912069	0.567731785245162	0.172713472675797	0.142175399053921	0.215177807155268
C:	0.147027849940857	0.179739891684261	0.303362561428555	0.055556729642116	0.0334487430870307	0.464939544970543	0.399192629034116	0.00151142268781212	0.00353453242282648	0.00339865902085072	0.000842426213891578	0.00602145343657462	0.151536110874931	0.264434153334601	0.107264505469938	0.302817777782678
G:	0.248637543068703	0.325491170792645	0.300590127600398	0.664044769506196	0.790541687315691	0.000596131583061124	0.0015649993553359	0.0285820597893955	0.000485630159101922	0.000389458720949805	0.00155467822957041	0.000817790549699583	0.0505349453182625	0.122553286835945	0.25824681988024	0.133613244225602
T:	0.289630337824749	0.1361407051489	0.0974012709111612	0.0919206532277466	0.00475073444649737	0.531615389240204	0.0222948317028572	0.00103479905288675	0.989009648817278	0.118133783959099	0.0464194160557437	0.0536568041016564	0.230197158561645	0.440299087153657	0.492313275595901	0.348391170836453
