Cphx_3484.1

A:	0.337348763931314	0.0307045589135245	0.0392084187728609	0.975773367905234	0.0357412803981999	0.0995237853269365	0.219255204328639	0.537665593588842	0.954765462309922	0.00684249913400434	0.00404334800563113	0.947882429181939	0.610545454704323	0.356890543286946
C:	0.184522380190307	0.00498477891086687	0.0161169589973361	0.00665679387059839	0.00406052770265754	0.371013880789135	0.280760646934647	0.343744008792147	0.0267057777792129	0.00511610254740389	0.971830472839378	0.0141921962457856	0.140112698063264	0.207960824082546
G:	0.262763023816345	0.00485925792365284	0.932630043250018	0.00652405844011646	0.0567257862875699	0.287587668055301	0.34893745448659	0.0790097923855718	0.00699511500673706	0.00278032130374862	0.00306225988934399	0.00786494602712621	0.148523081693134	0.104885321568421
T:	0.215365832062034	0.959451404251956	0.0120445789797855	0.0110457797840511	0.903472405611573	0.241874665828627	0.151046694250123	0.0395806052334391	0.0115336449041277	0.985261077014843	0.0210639192656466	0.0300604285451496	0.10081876553928	0.330263311062087
