Crx_3485.1

A:	0.0905713752755623	0.0975530196619458	0.32964208702103	0.256197448677345	0.092558498819835	0.0917131848474784	0.0439047329828059	0.00316014261430478	0.959206061405639	0.00308049206809451	0.015557159529477	0.979685319213173	0.372459253659668	0.0929948753298012	0.103129607866144	0.194270844399084
C:	0.470784309423561	0.215273572030095	0.0961257599013533	0.120189718374541	0.110351931399481	0.267718952982	0.00292693871001528	0.00210350144372031	0.0389744918812286	0.00424313648528141	0.00268497660668531	0.000441924729523298	0.0284573590186282	0.682202901196316	0.522168236017681	0.158403535983781
G:	0.132532670301976	0.380527940351077	0.13916372998212	0.173105220850212	0.731425863336369	0.595502329990808	0.952003770360747	0.990876976536158	0.000375144712167914	0.000705584113013664	0.000597109380581922	0.00264528003487514	0.403586836031482	0.100834821002563	0.231710581126175	0.247437239193329
T:	0.3061116449989	0.306645467956883	0.435068423095497	0.450507612097902	0.0656637064443148	0.0450655321797141	0.00116455794643214	0.00385937940581669	0.00144430200096466	0.99197078733361	0.981160754483256	0.0172274760224288	0.195496551290222	0.12396740247132	0.14299157499	0.399888380423806
