Cutl1_3494.1

A:	0.592353410301785	0.108549366827028	0.156379416490601	0.233256829435263	0.285356786794515	0.131793465426841	0.0844072200583662	0.29461307381218	0.96364814690636	0.0203059218984447	0.0600812394593167	0.800614763386451	0.307424631526727	0.129990957253178	0.353920283049844	0.131002535115852	0.407263412234394
C:	0.0642292627977426	0.536240276235604	0.5132195664595	0.154484597758728	0.186273539302987	0.162239862401585	0.0717935584062465	0.0146412840492856	0.00591018643021505	0.00786966136325298	0.605586785710956	0.0567995874414236	0.354718966669105	0.476432111541837	0.0815656081532149	0.287240791321306	0.103472756785351
G:	0.272634642312481	0.218802804136981	0.118324459571611	0.518141197814753	0.422797528672997	0.0895191213983009	0.0122377936641232	0.666617169385213	0.0173682651256514	0.0060547282897669	0.0163573677076151	0.00722083806367403	0.110635442379182	0.29604172429991	0.154208278298826	0.305199320986408	0.297376337994545
T:	0.0707826845879915	0.136407552800387	0.212076557478287	0.0941173749912559	0.105572145229501	0.616447550773273	0.831561427871264	0.0241284727533208	0.0130734015377732	0.965769688448535	0.317974607122112	0.135364811108451	0.227220959424986	0.0975352069050758	0.410305830498115	0.276557352576434	0.19188749298571
