Cutl1_3494.2

A:	0.233719878781548	0.507651389943249	0.41685692164264	0.0293654411767698	0.144572605818625	0.867185627408322	0.0428122143940767	0.338930030712191	0.938320132602208	0.0466002587539652	0.142988569030931	0.692080963872349	0.260491123697271	0.151407378097889	0.492484444533162
C:	0.0829031403115646	0.192839150319912	0.143747361001708	0.184696894648939	0.0537380728037711	0.0532209323358204	0.0125982472327541	0.0561801547352813	0.00626940577096154	0.0329931815018921	0.658700752346673	0.0938567003019425	0.409201783908459	0.0655145127031483	0.127826187539521
G:	0.208991386273887	0.16565706977496	0.322291781490819	0.0938567003019425	0.658700752346673	0.0329931815018921	0.00626940577096154	0.507869067382374	0.0125982472327541	0.0532209323358204	0.0537380728037711	0.184696894648939	0.153408331673949	0.123403953555388	0.190197894237489
T:	0.474385594633001	0.133852389961878	0.117103935864833	0.692080963872349	0.142988569030931	0.0466002587539652	0.938320132602208	0.0970207471701534	0.0428122143940767	0.867185627408322	0.144572605818625	0.0293654411767698	0.176898760720322	0.659674155643575	0.189491473689828
