Dbx1_3486.1

A:	0.19335759219643	0.611960089416509	0.459769852839521	0.226102588117511	0.241225532303305	0.621421361785601	0.737972460797527	0.11080180364422	0.129566721930375	0.729342265810664	0.540257482340034	0.195987285035326	0.587529257358436	0.497415906991143	0.278830944729149	0.297462048378448	0.397267840416445
C:	0.228955120543009	0.068099393025721	0.0573851838841973	0.127408479701376	0.228640113278818	0.13738213196946	0.031899387695928	0.0984971689048815	0.110628929058612	0.0316363110351822	0.104927386676628	0.148698047574255	0.0725832020386787	0.16180389937079	0.114361779125971	0.189119385865711	0.140581950090903
G:	0.160691803691162	0.0484943030913738	0.307824401782134	0.10107584234616	0.0671653571103665	0.0784118796393554	0.0518327218806011	0.0736681637520764	0.0360484345351126	0.088480362182185	0.0480647133340323	0.0987087282037377	0.170635394039949	0.219409238235517	0.139036679685375	0.187753880017468	0.287428442693844
T:	0.416995483569399	0.271446214466396	0.175020561494147	0.545413089834953	0.46296899730751	0.162784626605583	0.178295429625944	0.717032863698822	0.723755914475899	0.150541060971969	0.306750417649306	0.556605939186681	0.169252146562936	0.12137095540255	0.467770596459504	0.325664685738373	0.174721766798807
