Dbx2_3487.1

A:	0.138747240325061	0.241422294432014	0.221540660922135	0.444413426290884	0.695709008334438	0.175733668005025	0.0570140743567223	0.933149108431466	0.954413496339255	0.0259390848888376	0.0287390097846308	0.725661517061408	0.44325862513038	0.0362428440298	0.273703419636236	0.281197546516636
C:	0.266313599939717	0.0881611756690713	0.241889974872029	0.290329611150643	0.0728487344575483	0.117077138050121	0.123886282803581	0.00856447362093667	0.00527208691483557	0.00482489321990541	0.0177628535040294	0.00975102382474638	0.108137635503976	0.0901957606571335	0.158369680646257	0.35299416685789
G:	0.268669442315991	0.317711608623338	0.202870151202704	0.0407658194546648	0.0816662238780276	0.0960012330877427	0.00290452270368044	0.0173633813365094	0.0184281481822214	0.00613718901606203	0.28642512943306	0.154352392178387	0.204468170250999	0.279863233312322	0.142573457416743	0.170669420746716
T:	0.326269717419231	0.352704921275576	0.333699213003133	0.224491143103808	0.149776033329986	0.611187960857112	0.816195120136017	0.0409230366110877	0.0218862685636884	0.963098832875195	0.66707300727828	0.110235066935458	0.244135569114644	0.593698162000745	0.425353442300763	0.195138865878758
