Dlx1_1741.2

A:	0.16384235241787	0.132816642270242	0.169467160840801	0.447414121563706	0.352704730189245	0.285953502643972	0.00826038933077949	0.987316927538151	0.990184868356617	0.00723278634052505	0.00346249102334277	0.942617015248153	0.408909153523328	0.0760075217662288
C:	0.291218229646407	0.241988465349906	0.114131558257414	0.2441546965188	0.065283114980061	0.141939409185249	0.119988548694436	0.00559199315202035	0.00236866784294775	0.0010280070954703	0.00712567582158419	0.000919998907557719	0.192780769819878	0.358322677028011
G:	0.27364678361565	0.127403162202064	0.606759178123858	0.212138049337959	0.403228127446593	0.371250898676546	0.00105155708328286	0.00575576475979091	0.00182077387127149	0.00225673765096061	0.00813516623917207	0.0450295945555578	0.197070516679636	0.120229956696313
T:	0.271292634320073	0.497791730177788	0.109642102777928	0.0962931325795352	0.178784027384101	0.200856189494233	0.870699504891501	0.00133531455003788	0.00562568992916331	0.989482468913044	0.981276666915901	0.011433391288731	0.201239559977158	0.445439844509447
