Dlx2_2273.2

A:	0.325237181288891	0.268069857955615	0.314889308757634	0.488520629045309	0.0110423782674047	0.974839208512655	0.979636986583478	0.0148200685015328	0.00767264038356809	0.694939609359801	0.0813564780724909	0.296402747188864	0.177909296442522	0.254518993521434	0.618084828834192	0.172720198441126
C:	0.286660673120923	0.236142001498626	0.0782652490467319	0.0912364623484881	0.293633851930881	0.00885159973570908	0.00393311032838927	0.00160983458659955	0.0086365513680682	0.000384160441912924	0.369572064602775	0.310442695006771	0.317594380601115	0.435682646710194	0.106441508395412	0.190762670581623
G:	0.343859052383132	0.38096379481169	0.310442695006771	0.312894945382535	0.000384160441912924	0.0086365513680682	0.00160983458659955	0.00393311032838927	0.00885159973570908	0.293633851930881	0.282530202490854	0.0782652490467319	0.0808446164410392	0.118543657040683	0.153194632976594	0.450826872255224
T:	0.0442430932070536	0.114824345734069	0.296402747188864	0.107347963223667	0.694939609359801	0.00767264038356809	0.0148200685015328	0.979636986583478	0.974839208512655	0.0110423782674047	0.26654125483388	0.314889308757634	0.423651706515323	0.191254702727688	0.122279029793802	0.185690258722028
