Dlx3_1030.1

A:	0.157148017050412	0.318274530395181	0.273336553984328	0.265662728878926	0.286693467466307	0.606385380415416	0.00444500407304611	0.981241777022823	0.991933975529076	0.00436025374056231	0.00675365840530332	0.746718162919084	0.0735898166474609	0.345116366748241	0.180423719564681	0.368504922716787	0.283893019810563
C:	0.217687275450662	0.425157522003486	0.201588758353444	0.41543612367121	0.118521270482866	0.0398184358171505	0.031748920056859	0.0020514319974842	0.00161755380679464	0.0022574615779686	0.00260957286750743	0.000881051663034167	0.571796618529632	0.49040326107562	0.304469044537996	0.201561242019494	0.384009637524501
G:	0.304518008239313	0.119825670311332	0.374243451978159	0.246476970631958	0.299276997452978	0.228390117361692	0.000450276871419509	0.00295324493403515	0.00192575154904421	0.00188600260938599	0.00718429674822918	0.247140631518607	0.121012512984713	0.0537160076248138	0.365948393647085	0.128878952913379	0.129497538099937
T:	0.320646699259613	0.136742277290001	0.150831235684069	0.0724241768179059	0.295508264597849	0.125406066405742	0.963355798998675	0.0137535460456573	0.00452271911508535	0.991496282072083	0.98345247197896	0.00526015389927419	0.233601051838195	0.110764364551325	0.149158842250238	0.30105488235034	0.202599804564999
