Dlx4_3488.2

A:	0.148890292859953	0.196586757026158	0.300532253550637	0.22040307056535	0.282658793706276	0.543480197499434	0.00875703161794548	0.965904453473861	0.991902966548257	0.00581287444810459	0.00906522866764751	0.760080012713088	0.196565180999292	0.291871817201332	0.173082830694023	0.496160963820813	0.216899158617616
C:	0.250743902960924	0.552941781431811	0.225188773400027	0.484477720970304	0.126893093679822	0.0667959818012105	0.0436741382584283	0.00356037586966545	0.00167867214849871	0.00304706048443138	0.00539751152499585	0.00121857531857613	0.523904674590563	0.485093582827289	0.264513484882754	0.139574432430384	0.530982217494117
G:	0.298395345610251	0.118457281120031	0.321814798025653	0.17047093958974	0.291900149311681	0.23821128308203	0.00132779577861545	0.00582661645897697	0.00311074479218217	0.00239760133077099	0.0120936591440348	0.230061590826044	0.138530138117166	0.0602932084685181	0.39840588849672	0.111644545680859	0.122796047516338
T:	0.301970458568872	0.132014180422	0.152464175023683	0.124648268874606	0.298547963302221	0.151512537617326	0.946241034345011	0.0247085541974963	0.00330761651106222	0.988742463736693	0.973443600663322	0.00863982114229231	0.141000006292978	0.16274139150286	0.163997795926503	0.252620058067945	0.129322576371929
