Dlx5_3419.2

A:	0.114954884299355	0.169095503816952	0.28238965367627	0.180386769208911	0.00746890053137038	0.97379984189104	0.980927877478355	0.00863112158428	0.00607217096172051	0.614849116755062	0.190565660339379	0.0531013588912875	0.0735498332108252	0.263327223287523	0.152960643502641	0.190065283888434
C:	0.288943023289525	0.288573094996164	0.173026113745584	0.140548684039429	0.376842850234918	0.0158404988210425	0.00372381304820139	0.00671718788916362	0.00428748832619717	0.000839132478649727	0.253936307989266	0.491482873686858	0.171250624345428	0.337879217504599	0.219618705055657	0.274710867495191
G:	0.371977656476292	0.369197029163686	0.491482873686858	0.586337457215572	0.000839132478649727	0.00428748832619717	0.00671718788916362	0.00372381304820139	0.0158404988210425	0.376842850234918	0.374175174087639	0.173026113745585	0.36914430895887	0.22830208886493	0.217279486584247	0.345272554489225
T:	0.224124435934828	0.173134372023198	0.0531013588912875	0.0927270895360879	0.614849116755062	0.00607217096172052	0.00863112158428	0.980927877478355	0.97379984189104	0.00746890053137038	0.181322857583716	0.28238965367627	0.386055233484877	0.170491470342949	0.410141164857455	0.18995129412715
