Dmbx1_2277.1

A:	0.341712318822154	0.283906098148683	0.49221198387922	0.493785772256763	0.250599719293338	0.276779294461222	0.0553009229633122	0.00319427804627395	0.939595663100095	0.00307607594255602	0.0120451819202928	0.971675212861025	0.39831251399188	0.0924009746012963	0.152627733384311	0.303926540926837	0.367352346319194
C:	0.131887134430973	0.076249197223384	0.0773969704898205	0.0752956267159336	0.36206905743741	0.499357575968731	0.0135023429504464	0.00660610671935716	0.0578794227871633	0.00284831728016562	0.00700448022888634	0.00107223921572032	0.051075186267291	0.114349568601548	0.280503474483779	0.200946815113538	0.124550643579542
G:	0.116437301130416	0.365172810110076	0.310871358436467	0.130459952310646	0.1761852303556	0.197580337442065	0.929631028778837	0.987513625715243	0.00119703373051714	0.0012280194979111	0.000798683512425648	0.00167950679075192	0.351335251694798	0.374361900789794	0.301836482731976	0.192109958097522	0.150288213979267
T:	0.409963245616457	0.274671894517857	0.119519687194492	0.300458648716657	0.211145992913652	0.026282792127981	0.00156570530740408	0.00268598951912545	0.00132788038222513	0.992847587279367	0.980151654338395	0.0255730411325027	0.199277048046031	0.418887556007361	0.265032309399935	0.303016685862102	0.357808796121997
