Dobox4_3956.2

A:	0.264301939640346	0.41322414008919	0.48665588738814	0.503388090896446	0.0848245053425403	0.856596047318685	0.0527445605604416	0.985176423487934	0.0113500119563647	0.764352758309649	0.00144274160857951	0.00849553307693468	0.0769249747637016	0.0971617817473843	0.392557352315842	0.0553416535961286	0.369816596178371
C:	0.211442478308783	0.116602139143704	0.190854776006028	0.0627281519398188	0.0157450088913618	0.00175342493061708	0.00165189412096867	0.0123916324294153	0.100275069425639	0.230178911902213	0.952662959719436	0.966239956858984	0.757970335293587	0.473715083896206	0.0783385025800636	0.0796061954330058	0.112893704549023
G:	0.173360506495811	0.116602139143704	0.148589572882375	0.128222294119721	0.17067220221346	0.0456835866186445	0.828686821706251	0.00148292769311203	0.00936193277798238	0.00112511836287667	0.00551187004207254	0.00224781196050147	0.0080430823832334	0.0882189460872326	0.147795323195356	0.149083120908921	0.219338033849772
T:	0.35089507555506	0.353571581623402	0.173899763723457	0.305661463044015	0.728758283552637	0.0959669411320533	0.116916723612339	0.000949016389538362	0.879012985840014	0.00434321142526127	0.0403824286299117	0.0230166981035795	0.157061607559478	0.340904188269177	0.381308821908739	0.715969030061944	0.297951665422834
