Dobox5_3493.1

A:	0.318005800282704	0.313600643128556	0.298208196205441	0.484556535239585	0.178940605032926	0.0480803321490976	0.00806899988661703	0.964140585712354	0.00363651281142071	0.00629695469081674	0.930090365686428	0.815261476142194	0.0579690890192118	0.236978507156269	0.347812392606091	0.239502539837156	0.234874858432843
C:	0.161296472909602	0.0830233766178008	0.282085948747603	0.17461926439858	0.0259791593065041	0.00164383087737575	0.000907594672825408	0.0325538242841938	0.00284876100494469	0.00778375241340127	0.000696025610425213	0.00699201615057912	0.177554716510991	0.285921309915634	0.200756510365179	0.153155497213926	0.401818207754414
G:	0.325541015301567	0.377870140653384	0.190012360294546	0.249174685673643	0.771418423260565	0.948806858146672	0.98570280093329	0.000312282156022502	0.00128349832177969	0.000276494216901209	0.000899195052907921	0.154272445730276	0.0962455829457124	0.0577461680187342	0.249827337613582	0.0961180047437388	0.136915653204322
T:	0.195156711506127	0.225505839600259	0.229693494752411	0.0916495146881916	0.0236618124000042	0.00146897882685457	0.00532060450726713	0.00299330784743003	0.992231227861855	0.985642798678881	0.0683144136502393	0.0234740619769509	0.668230611524085	0.419354014909363	0.201603759415148	0.511223958205179	0.226391280608421
