Duxl_1286.2

A:	0.0593242871708848	0.350238284176186	0.770996149988701	0.0631505487543422	0.0215476007875905	0.0021536987090723	0.987687107060203	0.973679127043511	0.00232529393019246	0.0011711643222843	0.968043823510382	0.830221708766933	0.0531452520781095	0.245421661629948	0.314554764714898	0.27919275069712	0.199093337408499
C:	0.549998022748029	0.0477714441558839	0.0154406195961149	0.673996547268222	0.664224009887457	0.741020070958764	0.00831740897340178	0.0239481628418964	0.00754619212276073	0.979424074714234	0.00141041921479197	0.0314011806970132	0.528291271070806	0.250649021411452	0.186236508842397	0.196589531432017	0.291226319028519
G:	0.101787677022739	0.474127014171771	0.164902426346547	0.105494011605261	0.0918449560875138	0.00204959836287429	0.0009916687282828	0.000877853163208081	0.00136415384459769	0.000771687318272914	0.00096307637365749	0.0888990367938719	0.17561329397649	0.275043556745442	0.34220684572974	0.151908201111621	0.335413102856965
T:	0.288890013058347	0.127863257496159	0.0486608040686365	0.157358892372174	0.222383433237439	0.254776631969289	0.00300381523811229	0.00149485695138452	0.988764360102449	0.0186330736452086	0.029582680901169	0.0494780737421819	0.242950182874595	0.228885760213157	0.157001880712964	0.372309516759241	0.174267240706018
