Emx2_3420.1

A:	0.484575208719652	0.260773378592609	0.276126467559497	0.377205008510806	0.0257812955473085	0.0155831279590112	0.884975411404828	0.979922392106408	0.0105911373119883	0.0024567576860439	0.947865356787973	0.23187724781891	0.0244523733720296	0.116898228762615	0.140853649209253	0.273412012711355	0.175251714226388
C:	0.0834177799271674	0.336232930363834	0.368416758561352	0.196394391741097	0.682867073318035	0.0357694383114456	0.111428701684984	0.00874209958094898	0.000744371000654837	0.00113912922414383	0.000782076941570418	0.0594743833157471	0.386115059422626	0.151177275541127	0.245358562029599	0.258192667030059	0.318600732239446
G:	0.0523382988894602	0.332641498985989	0.241197663985342	0.327727437915214	0.0594743833157471	0.000782076941570418	0.00113912922414383	0.000744371000654837	0.00874209958094898	0.111428701684984	0.0357694383114456	0.682867073318035	0.0500190041754549	0.484611053606522	0.501926078495595	0.206803727076016	0.225005519910889
T:	0.37966871246372	0.0703521920575678	0.114259109893809	0.0986731618328834	0.23187724781891	0.947865356787973	0.0024567576860439	0.0105911373119883	0.979922392106408	0.884975411404828	0.0155831279590112	0.0257812955473085	0.53941356302989	0.247313442089735	0.111861710265553	0.26159159318257	0.281142033623277
