En1_3123.2

A:	0.225323814261328	0.22900046845509	0.279127413779311	0.731839179121292	0.81575568613089	0.113801906733925	0.00478190817229168	0.972174299042695	0.988577959331312	0.00701416872006687	0.00718138455426464	0.966804678950147	0.482833793753396	0.0557852556787625	0.232569291841633	0.203975924431721
C:	0.200754882709605	0.31195764274932	0.279599848539016	0.146527140694355	0.0785520843946647	0.539919415454312	0.154753214475836	0.00384997117914203	0.0026992936974528	0.00238006300126781	0.00881761313102881	0.00363704360873355	0.0771800222481164	0.135178927277585	0.181895512230066	0.486402229736425
G:	0.40979956143429	0.294484323845365	0.289348341343468	0.0804292230212065	0.0670589852803679	0.107461318762739	0.00103816862258013	0.0197557026803387	0.00500736475087768	0.00376098274027217	0.00922103375558226	0.0169176548752104	0.332985662525555	0.371294862685215	0.369751800986986	0.20062274694729
T:	0.164121741594777	0.164557564950225	0.151924396338205	0.0412044571631464	0.0386332441940774	0.238817359049025	0.839426708729292	0.00422002709782379	0.00371538222035786	0.986844785538393	0.974779968559124	0.0126406225659089	0.107000521472933	0.437740954358437	0.215783394941316	0.108999098884564
