En2_0952.1

A:	0.377160260324189	0.199895321468108	0.283480730592056	0.39384014277743	0.111156548115829	0.00808708341814103	0.983493739479418	0.984637165683118	0.00900645215375189	0.00673848470168354	0.736192490164935	0.35576270166883	0.0532902508071156	0.125189258425893	0.267471200088326	0.43050616505446	0.310980410932825
C:	0.0445419797937338	0.160683651702607	0.449742109128497	0.307097885656146	0.50096076122418	0.254905540869147	0.00584793772577021	0.00215632979682863	0.00420005236630183	0.00391983809312851	0.000814885547776837	0.032119988991161	0.268522022243584	0.228590608921115	0.243034822742595	0.227645774145125	0.25563922805934
G:	0.114335998618414	0.580864819927282	0.126801956040434	0.201436093974259	0.032119988991161	0.000814885547776837	0.00391983809312851	0.00420005236630183	0.00215632979682863	0.00584793772577021	0.254905540869147	0.50096076122418	0.0456084453432094	0.455322258327216	0.386359701006071	0.110466165227894	0.12556808675064
T:	0.463961761263663	0.0585562069020023	0.139975204239012	0.0976258775921656	0.35576270166883	0.736192490164935	0.00673848470168354	0.00900645215375189	0.984637165683118	0.983493739479418	0.00808708341814103	0.111156548115829	0.632579281606091	0.190897874325776	0.103134276163009	0.231381895572521	0.307812274257195
