Esx1_3124.2

A:	0.324579930225384	0.256075975532384	0.174944798683817	0.208420626792152	0.420892425970726	0.0299649716205454	0.00965872954306649	0.976641829098873	0.983979079418269	0.00496728750877342	0.0105419686932421	0.915660309538255	0.490492312799087	0.0952320648647046	0.218376525941926	0.107875952428195	0.523387913911671
C:	0.239939582114643	0.176795060459115	0.335229944563685	0.351488516706378	0.0677995482286453	0.471251261928319	0.0730320969740992	0.00165925122222874	0.00145780008514426	0.00959583298781324	0.0111569509856562	0.0016488639445796	0.00829145365204894	0.155695117315275	0.124035468994297	0.25837375068218	0.0678340982380039
G:	0.173009771981278	0.145200069219394	0.177957658133862	0.23107706169654	0.408901738376974	0.00829145365204894	0.0016488639445796	0.0111569509856562	0.00959583298781324	0.00145780008514426	0.00165925122222874	0.0730320969740992	0.471251261928319	0.153111408338469	0.299170455258615	0.445193104023182	0.0400447527935157
T:	0.262470715678694	0.421928894789107	0.311867598618636	0.209013794804931	0.102406287423654	0.490492312799087	0.915660309538255	0.0105419686932421	0.00496728750877342	0.983979079418269	0.976641829098873	0.00965872954306649	0.0299649716205454	0.595961409481551	0.358417549805162	0.188557192866443	0.36873323505681
