Evx1_3952.2

A:	0.467091147392065	0.297968954674842	0.355906958421751	0.469306075830886	0.0504021344014335	0.00851469401754935	0.853082590382464	0.987472175285785	0.00260060533343229	0.000552020565899027	0.957315340277983	0.114151565818799	0.0272441641294587	0.165328616108276	0.200530880176676	0.360118067456902	0.239571700384158
C:	0.0559663877903234	0.25454722951483	0.217782206308782	0.146280604083834	0.65664737842737	0.033203854888844	0.143369226434333	0.00532306355285909	0.00460415582792415	0.00299616261730379	0.00096611081562349	0.178798921352398	0.439870247089001	0.200182450456047	0.245308649077797	0.164431986014766	0.358370815260304
G:	0.0314511780570645	0.334132249073504	0.210827296897496	0.256668629493622	0.178798921352398	0.000966110815623489	0.00299616261730379	0.00460415582792415	0.00532306355285909	0.143369226434333	0.033203854888844	0.65664737842737	0.0552931067672324	0.457936026773581	0.380413680176336	0.174124543379028	0.238529571442882
T:	0.445491286760547	0.113351566736824	0.21548353837197	0.127744690591659	0.114151565818799	0.957315340277983	0.000552020565899027	0.00260060533343229	0.987472175285784	0.853082590382465	0.00851469401754935	0.0504021344014335	0.477592482014309	0.176552906662095	0.173746790569191	0.301325403149304	0.163527912912656
