Evx2_2645.3

A:	0.206897833495479	0.396006834907497	0.138551235591993	0.286745029643884	0.152215876943278	0.0242670671845017	0.00488793905623912	0.948687363419789	0.991748685964643	0.00212878723165857	0.00102335249161909	0.925975535175311	0.0210032129549851	0.0436965482215803	0.12474372235474	0.0926890370620739	0.34007742963033
C:	0.30475585759141	0.330131108920151	0.56416762316416	0.524514233435255	0.0701502903319781	0.824098425392948	0.0176161893013165	0.0443773628564699	0.00163054395127592	0.00276013866867255	0.00707325302770404	0.000749209487681862	0.158227158076839	0.530849967444212	0.184486089151191	0.146902223855457	0.1023397859038
G:	0.229325623021042	0.192964081697368	0.0901655312821423	0.0880464414301231	0.760833351904025	0.12032149588683	0.000442689335430152	0.00622591617577779	0.003522076281554	0.00304716729298972	0.052988730931978	0.0716510473794614	0.761240567121528	0.230935441910684	0.400595758596072	0.377415242630071	0.0572030718614783
T:	0.259020685892069	0.0808979744749847	0.207115609961705	0.100694295490738	0.0168004808207187	0.0313130115357204	0.977053182307014	0.000709357547963673	0.00309869380252746	0.992063906806679	0.938914663548699	0.00162420795754616	0.0595290618466481	0.194518042423524	0.290174429897998	0.382993496452398	0.500379712604391
