Gbx1_2883.2

A:	0.273447049511062	0.298010907075684	0.138936644810193	0.254035229259659	0.589725685577739	0.184374272694633	0.0133194768394501	0.972515668403497	0.986881093976562	0.00305696465171648	0.00344283504387985	0.707366430915812	0.0517325310794753	0.136805332945614	0.100512381209753	0.0866826857676996	0.471466008934028
C:	0.215588546033929	0.120019759768874	0.374404890992755	0.367640632676426	0.116594536093521	0.712080067728551	0.2783361422586	0.0202812189451445	0.004124782022951	0.00593715934877066	0.00376027760747841	0.000977949986138343	0.0518131284973405	0.155271340270316	0.16621734394838	0.270580761063476	0.0771896316880739
G:	0.19004154406295	0.314370392799236	0.292508854250953	0.207199890652226	0.181482628835715	0.0518131284973405	0.000977949986138343	0.00376027760747841	0.00593715934877066	0.004124782022951	0.0202812189451445	0.2783361422586	0.712080067728551	0.197579765001443	0.516931597789948	0.287557836737765	0.0599751413175814
T:	0.320922860392059	0.267598940356206	0.194149609946099	0.171124247411689	0.112197149493025	0.0517325310794753	0.707366430915812	0.00344283504387985	0.00305696465171648	0.986881093976562	0.972515668403497	0.0133194768394501	0.184374272694633	0.510343561782626	0.216338677051918	0.35517871643106	0.391369218060317
