Gbx2_3110.1

A:	0.38621242903448	0.238250466272785	0.244980615198033	0.408942652992715	0.0438238808732871	0.00392490395749493	0.980854259390657	0.986819740272727	0.0052308907010398	0.00189171424282654	0.801107884843983	0.0508320796407458	0.0421358874338401	0.157043149833665	0.389315186170114	0.11120510050861	0.152438647032458
C:	0.0501001546648424	0.271018887320526	0.38211518252217	0.0907566959493307	0.844120149716059	0.194170748480138	0.0130036369540011	0.00511553794023412	0.00283383108599929	0.00425038941251505	0.00079646271838452	0.0612238897699076	0.437110204017164	0.278774412687911	0.112948452408547	0.229990356955815	0.132903721041333
G:	0.264286414445448	0.290092875406724	0.195542045844916	0.420316414941451	0.0612238897699076	0.00079646271838452	0.00425038941251505	0.00283383108599929	0.00511553794023411	0.0130036369540011	0.194170748480138	0.844120149716059	0.103694170921979	0.439498516496303	0.303335645583878	0.249727031194081	0.226965000348816
T:	0.29940100185523	0.200637770999965	0.177362156434881	0.0799842361165029	0.0508320796407458	0.801107884843983	0.00189171424282654	0.00523089070103981	0.986819740272727	0.980854259390657	0.00392490395749493	0.0438238808732871	0.417059737627017	0.124683920982121	0.194400715837461	0.409077511341493	0.487692631577393
