Gsc_2327.3

A:	0.471764849185464	0.336225646759791	0.39793855519408	0.262638086974861	0.277938808638149	0.0697182817817361	0.0260362880166993	0.985608811079996	0.992497737815755	0.00304768639858197	0.00533820320471797	0.00173573244522989	0.0301029063115663	0.0834951828009369	0.219244234222462	0.256872494709014	0.313902998602811
C:	0.155805433271295	0.217033448457077	0.127567089539415	0.456882589053759	0.114100037825153	0.40192484844205	0.00111528881297312	0.000280512334004779	0.00175122204692201	0.000588602864310367	0.968427119090434	0.954156274902739	0.441404164758759	0.360696928158124	0.119908110979586	0.229900819955659	0.308509147226346
G:	0.130216065267254	0.236748419100755	0.0451551947114323	0.10011884301189	0.520394541452811	0.0125650065641235	0.000373845056243622	0.00933950651530846	0.00164091494832731	0.00925950711687606	0.0010016545248581	0.00278210416549188	0.400144529506061	0.0755267665061608	0.23670209214455	0.124714089442494	0.263517706071234
T:	0.242213652275987	0.209992485682377	0.429339160555074	0.18036048095949	0.0875666120838875	0.515791863212091	0.972474578114084	0.0047711700706906	0.00411012518899526	0.987104203620232	0.0252330231799901	0.0413258884865393	0.128348399423614	0.480281122534778	0.424145562653402	0.388512595892833	0.114070148099609
