Gsh2_3990.2

A:	0.466727949481199	0.182519444119694	0.245636336254822	0.133019774188964	0.0089354955355168	0.947331951646206	0.971649489044012	0.0221502358416551	0.014398603325425	0.885117637915346	0.202534520824764	0.114402567683692	0.169313417170989	0.179433897820342	0.750087593188233	0.184673384244452
C:	0.180216903233393	0.321207103073037	0.085562626292863	0.259013196159986	0.104781617093778	0.0323691397845535	0.00329825234983365	0.00290202276449969	0.0059003052438155	0.0011652494553587	0.132221304263718	0.554398469768623	0.276183012190521	0.303563696085874	0.0427064598990774	0.120463585306029
G:	0.229691707858169	0.325896275416821	0.554398469768623	0.237922864507971	0.0011652494553587	0.0059003052438155	0.00290202276449969	0.00329825234983365	0.0323691397845535	0.104781617093778	0.553144046330946	0.085562626292863	0.225938876767449	0.326362002708537	0.120865068220434	0.323398231980734
T:	0.12336343942724	0.170377177390448	0.114402567683692	0.370044165143079	0.885117637915346	0.014398603325425	0.0221502358416551	0.971649489044012	0.947331951646206	0.00893549553551681	0.112100128580572	0.245636336254822	0.328564693871041	0.190640403385247	0.0863408786922562	0.371464798468784
