Hdx_3845.3

A:	0.311640040470061	0.341055127063813	0.0475728536119998	0.195776394515274	0.29537936309743	0.213770284473061	0.702122618654512	0.826734925685762	0.920071412173322	0.018654975562225	0.0299289369449496	0.864547556874576	0.177174600827998	0.228402605432702	0.140134890641353	0.338324155194341	0.402537604670224
C:	0.203272565565439	0.177799217707021	0.0895511210721593	0.119326017482993	0.306026576647036	0.0187695322785626	0.228607651587814	0.0117354531940346	0.00545779743771177	0.024240032960941	0.896758110671294	0.0449428361090172	0.216931478269848	0.325164048665148	0.298665154205328	0.345499632194671	0.228867463205256
G:	0.21331119188417	0.257309701860674	0.516163271911055	0.352321566186673	0.157574207643633	0.72492735408721	0.0501365516819672	0.0616455867875461	0.0262529120875024	0.0289148081238775	0.0432995206036378	0.0137438582363061	0.155518784135075	0.203648508573295	0.306153011555949	0.0578636629947784	0.19177658835585
T:	0.27177620208033	0.223835953368492	0.346712753404786	0.33257602181506	0.241019852611901	0.0425328291611672	0.0191331780757069	0.0998840343326576	0.0482178783014636	0.928190183352956	0.0300134317801191	0.076765748780101	0.450375136767079	0.242784837328854	0.255046943597371	0.25831254961621	0.17681834376867
