Hlx1_2350.1

A:	0.184573318395295	0.267012884327249	0.45363831631505	0.068489099605301	0.75554046276016	0.714641473929893	0.0383575817847295	0.163500533206961	0.632592106308706	0.875235710946556	0.199384985848211	0.113890052091028	0.747078258899159	0.15689410512978	0.416154901667899
C:	0.487329286566931	0.43502456853873	0.215482894504219	0.133088924009724	0.0814556027068731	0.0144787467332917	0.0637876178526636	0.117321819559556	0.0305510017547947	0.0226190894160511	0.0714947934886049	0.0491138824419379	0.0513437174858158	0.41168326902902	0.272461659709088
G:	0.15936930966435	0.133492525471536	0.159150159852099	0.0513437174858158	0.0491138824419379	0.0714947934886049	0.0226190894160511	0.0326470980540985	0.250128870212186	0.0637876178526636	0.0144787467332917	0.0814556027068731	0.133088924009724	0.152357100746437	0.0876063635621407
T:	0.168728085373425	0.164470021662486	0.171728629328632	0.747078258899159	0.113890052091028	0.199384985848211	0.875235710946556	0.686530549179385	0.0867280217243137	0.0383575817847295	0.714641473929893	0.75554046276016	0.068489099605301	0.279065525094763	0.223777075060872
