Hlxb9_3422.1

A:	0.124725994041458	0.136340649743276	0.563722120246864	0.105666117480281	0.0081581159558455	0.971699320742153	0.984997942255108	0.00634425314223713	0.00347235593241068	0.90763460688903	0.0755949159204864	0.0172737209801045	0.16842065416973	0.226279050552153	0.251897103443214	0.291866529695763
C:	0.237944929375739	0.210540202716366	0.246697852761475	0.392787988502309	0.0835430017876092	0.020631421959377	0.00345391177032261	0.00520389283233235	0.00419690136605892	0.000664275367515602	0.16286430924914	0.172306306011556	0.0903331207812547	0.273018178220965	0.348911773436911	0.301340371254883
G:	0.372005232408897	0.300319140487251	0.172306306011556	0.383230053537375	0.000664275367515603	0.00419690136605892	0.00520389283233235	0.00345391177032261	0.020631421959377	0.0835430017876092	0.680210593933005	0.246697852761475	0.59019908167568	0.333610535394571	0.112360436448874	0.336443923881256
T:	0.265323844173906	0.352800007053107	0.0172737209801045	0.118315840480035	0.90763460688903	0.00347235593241068	0.00634425314223713	0.984997942255108	0.971699320742153	0.0081581159558455	0.0813301808973687	0.563722120246864	0.151047143373335	0.167092235832311	0.286830686671	0.0703491751680984
