Hmx1_3423.1

A:	0.337663952590783	0.174054115306613	0.361512668814856	0.688902064350034	0.130715214378331	0.0077981908467825	0.869501890222653	0.882397240884847	0.00482588841566609	0.0175707938072725	0.95072152779054	0.883289518486429	0.25153965021677	0.140326266374777	0.384995029645879	0.327314663146089	0.177654061451878
C:	0.289754856476996	0.429800422190276	0.293469043644208	0.0636293615465957	0.0781475897988993	0.9514534500465	0.00115380861764326	0.105994631210121	0.00304935132297311	0.0550198779113659	0.00231204235822792	0.0141295891293344	0.149358706580664	0.224608151823849	0.294702414575107	0.131428292507981	0.200822018118044
G:	0.240848521915775	0.269860411451018	0.259412481559797	0.15939734928842	0.720458971595848	0.00118437834497122	0.122137080367515	0.00242277727873421	0.00144920739094029	0.00054674826263405	0.0128832185102402	0.042169351671661	0.169226490276461	0.501551853448592	0.277751442168839	0.235872998163154	0.219371827344677
T:	0.131732669016447	0.126285051052093	0.085605805981139	0.0880712248149499	0.070678224226922	0.0395639807617462	0.00720722079218869	0.00918535062629823	0.990675552870421	0.926862580018728	0.034083211340992	0.0604115407125759	0.429875152926106	0.133513728352782	0.0425511136101748	0.305384046182777	0.402152093085402
