Hmx2_3424.3

A:	0.496013423510471	0.187731064297734	0.546269434598394	0.766900413002328	0.166702718088024	0.00858573734750414	0.847648039488262	0.851906757830316	0.00505321649299353	0.0150924087647674	0.934791672486096	0.890981618038775	0.360897714335803	0.248362072602834	0.413889153185008	0.47217295342728	0.0940952241071589
C:	0.201438669829392	0.44249112380009	0.190140034244708	0.0556599355456045	0.15214565617449	0.974988935854968	0.00109895446193097	0.131323502496652	0.00371938957531822	0.0553607543458111	0.00136901549806551	0.0109111708828273	0.185916651128987	0.207536181797474	0.266825590559827	0.104749929219311	0.0714881386364969
G:	0.234081958519743	0.232786180686193	0.17122512288667	0.121480342356649	0.57368907152024	0.00319391366226507	0.146477906054312	0.00689264688969122	0.00109199681152682	0.000333372809188932	0.0112439613436662	0.0227026396011008	0.109870967059876	0.40784511625606	0.266667322574751	0.246153700912042	0.0928884960433533
T:	0.0684659481403938	0.136991631215982	0.0923654082702284	0.0559593090954177	0.107462554217247	0.0132314131352628	0.00477509999549434	0.00987709278334045	0.990135397120161	0.929213464080233	0.0525953506721721	0.0754045714772973	0.343314667475335	0.136256629343632	0.0526179336804131	0.176923416441367	0.741528141212991
