Hmx3_3490.2

A:	0.493883215450491	0.124337788597285	0.482613312515058	0.758821209043773	0.154132278973527	0.0155645215021976	0.835485089052827	0.869937370268596	0.00581540867804311	0.0140662378126046	0.924764806317861	0.873425106894304	0.387156053911591	0.256862509992435	0.472131399356991	0.524326235269252	0.125720638516891
C:	0.207907898184562	0.490518928104887	0.229280422946263	0.0671645397905685	0.0982319572630968	0.938529436553753	0.00116314954417831	0.118960843456522	0.00447045767039585	0.0422964111132062	0.00116804573454022	0.0204680882877396	0.148326718247258	0.183823731077867	0.208576273816364	0.109149723859711	0.103316170029151
G:	0.206554715561306	0.252637535335125	0.188509378058544	0.111205597497107	0.594074238109532	0.00166679327717733	0.156925802959334	0.0016663235897254	0.00103094746338416	0.000378074512111351	0.0241262551128147	0.0346363525547765	0.115500124954599	0.381900282613134	0.255773111084918	0.180486072271072	0.133297651002994
T:	0.0916541708036413	0.132505747962703	0.0995968864801358	0.0628086536685519	0.153561525653845	0.0442392486668719	0.00642595844366082	0.00943546268515634	0.988683186188177	0.943259276562078	0.0499408928347846	0.0714704522631805	0.349017102886552	0.177413476316564	0.0635192157417277	0.186037968599964	0.637665540450964
