Homez_1063.2

A:	0.585234606047266	0.344783446091952	0.496888116811278	0.457407587601176	0.342716601647063	0.872988180696571	0.00658086636943443	0.0361930814942932	0.0147672097530822	0.208699551065968	0.0379567294144956	0.157996674398619	0.139814426938224	0.125466549666638	0.523941452481532	0.374984271376449	0.268235245023722
C:	0.0568796107498428	0.171237562690791	0.112441790085311	0.1347773439266	0.420568028575237	0.0309463720776311	0.0131202808131697	0.94696087790568	0.00522584494181737	0.00826384056925802	0.0188823681421255	0.0265455148178297	0.13627186551412	0.233301811971528	0.191121502358989	0.0493916705889258	0.165772478753746
G:	0.174898393097072	0.1443791654702	0.0866692610787884	0.0327891029247608	0.171417872313109	0.00420316825952834	0.00649489373541489	0.00437739938637624	0.966106107523925	0.0218753095435709	0.0288945998349599	0.0213654661617377	0.117986967288013	0.183070605637399	0.0501260162667543	0.291830578114221	0.30851549929979
T:	0.182987390105819	0.339599825747056	0.304000832024622	0.375025965547463	0.0652974974645903	0.0918622789662691	0.973803959081981	0.0124686412136504	0.0139008377811758	0.761161298821203	0.914266302608419	0.794092344621813	0.605926740259644	0.458161032724434	0.234811028892725	0.283793479920404	0.257476776922742
