Hoxa6_1040.1

A:	0.583500541809183	0.427856871819804	0.195697447114183	0.189276422050535	0.00599032987704847	0.949399185204588	0.984085492545516	0.00773851602121322	0.0134568226840462	0.902576491277344	0.152254753789172	0.114140249839187	0.234648675674987	0.33415540076859	0.602113624671165	0.219591907466108
C:	0.146679547531725	0.353559888201826	0.0964424172607204	0.0482666495353283	0.090620027912064	0.0352997706825155	0.00631312137125353	0.00186287006201692	0.00184422142885038	0.000813150933543165	0.677055389155724	0.593719885785909	0.271493549277319	0.324603394061774	0.0759223848049354	0.167291113273403
G:	0.197543560835799	0.0896423965133144	0.593719885785909	0.483268881708477	0.000813150933543165	0.00184422142885038	0.00186287006201692	0.00631312137125353	0.0352997706825155	0.090620027912064	0.0877316239886023	0.0964424172607204	0.0635105865555423	0.120489801621032	0.0810321315572172	0.277256766494338
T:	0.0722763498232928	0.128940843465055	0.114140249839187	0.279188046705659	0.902576491277344	0.0134568226840462	0.00773851602121322	0.984085492545516	0.949399185204588	0.00599032987704847	0.0829582330665025	0.195697447114183	0.430347188492151	0.220751403548604	0.240931858966682	0.335860212766151
