Hoxa7_3750.1

A:	0.0528855869986894	0.130031983690753	0.514327630928942	0.0694336851067155	0.0602567488170423	0.925166223570182	0.974173543848216	0.0138463002115406	0.0248668913016918	0.884064242439751	0.469347276842882	0.0379872735957945	0.223357234024485	0.146772633423112	0.367048893820606	0.397150644016157
C:	0.233024381341897	0.234349285185344	0.31384598324282	0.11437365731867	0.0508849510121445	0.0448176146954389	0.00546126611951513	0.00651888982072804	0.00514927043268755	0.00479405773106248	0.249569215574964	0.133839112232444	0.184309351904299	0.16908517555342	0.296177607086252	0.332422827393636
G:	0.46539670542884	0.249237980279107	0.133839112232444	0.496317014602565	0.00479405773106248	0.00514927043268755	0.00651888982072804	0.00546126611951513	0.0448176146954389	0.0508849510121445	0.180209164253508	0.31384598324282	0.447015372572491	0.52983020867914	0.0984186895556728	0.19354678379808
T:	0.248693326230574	0.386380750844796	0.0379872735957944	0.319875642972049	0.884064242439751	0.0248668913016918	0.0138463002115406	0.974173543848216	0.925166223570182	0.0602567488170423	0.100874343328646	0.514327630928942	0.145318041498725	0.154311982344329	0.238354809537469	0.0768797447921264
