Hoxa13_3126.1

A:	0.349549999986084	0.315011045433784	0.36876563394117	0.145880210103192	0.0153314764485038	0.00136534575584056	0.0109081892446962	0.197963063194475	0.00175792392409	0.926536222896984	0.969247830836823	0.981050148932106	0.621561311392839	0.297435782332518	0.178578886645102	0.234668267349487
C:	0.172903101930136	0.194211183861288	0.201805156749076	0.295375848528227	0.929453152742147	0.0287713733982737	0.940310884556707	0.000370403124383363	0.0105507232292435	0.00037801901087643	0.000661814825884638	0.00573311829151456	0.122584700748545	0.133532114909629	0.227666358452994	0.133863435846457
G:	0.163906234783156	0.195947720222391	0.1785424659563	0.295375848528227	0.0546748739003521	0.00155894744039253	0.000349694383214157	0.79698661325994	0.000808134016396335	0.00273226210771088	0.000789624899155988	0.000805335645888397	0.0470865806373307	0.0936645028479456	0.232494907327637	0.220639489684972
T:	0.313640663300624	0.294830050482537	0.250886743353454	0.263368092840355	0.00054049690899705	0.968304333405493	0.0484312318153824	0.00467992042120149	0.98688321883027	0.0703534959844285	0.0293007294381368	0.0124113971304916	0.208767407221285	0.475367599909908	0.361259847574267	0.410828807119084
