Hoxa9_2622.2

A:	0.386109686296762	0.214950766797604	0.227199293322623	0.0873637857148697	0.0884682257910345	0.237566979907091	0.883691861885091	0.0229935321340402	0.630635165412016	0.954551173563803	0.932581760635866	0.75871347919245	0.320450382708625	0.17495279510968	0.511837173782408	0.382191058658707	0.383323326552581
C:	0.122124062961143	0.503652118888929	0.0702314691533228	0.155173154031403	0.597073438780802	0.630915932061065	0.00355123568665392	0.00416050242282191	0.00708457656918528	0.00341869880812467	0.0123222976351912	0.0226116942636455	0.163437324183331	0.12771981414262	0.131728893665243	0.090903918828626	0.0801732839596635
G:	0.336396223803336	0.20002717375825	0.558705335141545	0.659970222002391	0.0108469631043597	0.0204463191995735	0.103621659913408	0.0037115623495576	0.00369669736940722	0.00381829689623208	0.00530395619763026	0.0313474065787111	0.0620305058246741	0.167457782803564	0.146649168797317	0.276474780883859	0.111038421313461
T:	0.155370026938759	0.0813699405552166	0.143863902382509	0.0974928382513369	0.303611372323804	0.111070768832271	0.00913524251484767	0.96913440309358	0.358583560649392	0.0382118307318405	0.0497919855313131	0.187327419965193	0.45408178728337	0.529869607944135	0.209784763755032	0.250430241628808	0.425464968174294
