Hoxa10_2318.1

A:	0.253547630689545	0.417013503153118	0.123351122015551	0.172371780792512	0.0677378440222865	0.714812390137026	0.889411580615065	0.0252725987200858	0.702649267082771	0.912510154900378	0.883516187552676	0.694916417143517	0.23570493076016	0.18263223358405	0.280662431422812	0.524838706274886
C:	0.084175380713522	0.294329863112017	0.208323558058132	0.0799408939640106	0.316337685837881	0.267364456600908	0.00792401974454332	0.00550592884724401	0.00973741534911071	0.00303738185408286	0.023732008339155	0.0582265833103756	0.164601225130024	0.0798369477051663	0.390485881356425	0.0809029104020664
G:	0.291021756053999	0.125631193714462	0.445404747708764	0.703466457119531	0.00858106994761937	0.00479071195790288	0.0762728620490984	0.00388695259667513	0.00599148676495118	0.00741890935599528	0.00516426278296078	0.0486931005353449	0.0663608465005711	0.301116488401049	0.0854395789218218	0.0960059050433427
T:	0.371255232542934	0.163025440020402	0.222920572217552	0.044220868123946	0.607343400192213	0.0130324413041636	0.026391537591293	0.965334519835995	0.281621830803167	0.0770335538895443	0.0875875413252079	0.198163899010762	0.533332997609245	0.436414330309735	0.243412108298942	0.298252478279704
