Hoxa5_3415.1

A:	0.660457435970894	0.325772549700823	0.210504971414724	0.0814275367013848	0.00930062845140726	0.903468259808791	0.983871230972186	0.00406985198505776	0.00330237217834182	0.901989518301154	0.207074938071127	0.15232465157491	0.29275049617804	0.266249353224633	0.520193827428252	0.266987892268126
C:	0.11552263186875	0.392786922391872	0.105406082756981	0.19399185129955	0.0879640277807595	0.0884764694356145	0.00868126360753044	0.00337765343522588	0.00475289857725277	0.000745825466679507	0.313661462094913	0.531764294253385	0.204768169152587	0.410230913721763	0.0690028307752656	0.137671126696293
G:	0.152874039436796	0.146853347614862	0.531764294253385	0.446830735000719	0.000745825466679507	0.00475289857725277	0.00337765343522588	0.00868126360753044	0.0884764694356145	0.0879640277807595	0.409618198706225	0.105406082756981	0.0653770775801287	0.0966581582571838	0.192597231547481	0.362931697641864
T:	0.07114589272356	0.134587180292442	0.15232465157491	0.277749876998346	0.901989518301154	0.00330237217834182	0.00406985198505776	0.983871230972186	0.903468259808791	0.00930062845140726	0.0696454011277354	0.210504971414724	0.437104257089244	0.22686157479642	0.218206110249001	0.232409283393717
