Hoxa1_3425.1

A:	0.189557233799958	0.144310217568974	0.268297574702354	0.623662033521414	0.266418138523635	0.0763413713702187	0.00689331860271885	0.960762900660662	0.990793844418957	0.00584139942800744	0.00226573273748181	0.956522372101488	0.280035132759364	0.144906404447381	0.107856466131898	0.0618226742057203
C:	0.41805740821426	0.147944747372652	0.130092207889292	0.0959185487803122	0.0751742043251272	0.532879427512823	0.0261134954893761	0.031215684453325	0.00263632575144118	0.00248842040710604	0.00487577085840493	0.00136991881149408	0.484468641973765	0.449297662441164	0.167049887202255	0.304996520177269
G:	0.185517749884552	0.0556426996253827	0.466424047163809	0.152772047899788	0.613390071082727	0.217968462080564	0.00137246073966171	0.0066997443021421	0.00267261324898373	0.00175297398411625	0.00719872756783817	0.0381289948198922	0.167258747014415	0.138449911217521	0.411635529898127	0.175126579224388
T:	0.20686760810123	0.652102335432991	0.135186170244545	0.127647369798486	0.0450175860685103	0.172810739036394	0.965620725168243	0.00132167058387093	0.00389721658061791	0.98991720618077	0.985659768836275	0.00397871426712508	0.0682374782524555	0.267346021893933	0.31345811676772	0.458054226392624
