Hoxa11_2218.1

A:	0.250494967760586	0.492850480507826	0.540281457289357	0.428462803535977	0.102253679092602	0.00188427395700505	0.0169311171535904	0.258728444029676	0.00354524754183364	0.832665993943803	0.983609575431387	0.980677407053335	0.599218878524052	0.212684897213125	0.287588280710199	0.152138325695265
C:	0.214554441566759	0.12342393680923	0.151603175402324	0.0995626482326002	0.0507309585625905	0.0190082465915602	0.973796936373571	0.00170517741738992	0.00167993633348709	0.00225015967147871	0.00127819233361739	0.00564532516240408	0.0904216016638784	0.399895533756224	0.220283369432561	0.145872909817844
G:	0.138272077974933	0.196802664390973	0.140529377160476	0.27077456963828	0.845038138130003	0.00102878241646763	0.000595904232513933	0.738135027438113	0.00336967047940371	0.00086624735270218	0.00254647106765743	0.00124222414657663	0.088183359694537	0.114217747400445	0.249418738998524	0.312609092595765
T:	0.396678512697722	0.186922918291971	0.167585990147843	0.201199978593143	0.00197722421480529	0.978078697034967	0.00867604224032491	0.00143135111482116	0.991405145645276	0.164217599032016	0.0125657611673384	0.0124350436376842	0.222176160117533	0.273201821630206	0.242709610858716	0.389379671891126
