Hoxa4_3426.1

A:	0.233259738996594	0.388471408449276	0.0814554521062383	0.210660183720652	0.55672622561032	0.167068821020686	0.00888449525410841	0.939630597951213	0.984038975508569	0.00643128581969345	0.00106317547531018	0.908842987543694	0.679380782151811	0.0896686416497063	0.118322752716623	0.0998760754940979	0.123720268045385
C:	0.17267507023627	0.102784438376463	0.198806236532084	0.229868732370674	0.129604253129854	0.107397342803583	0.0814073119473513	0.0573015555497171	0.00251920637360945	0.00701053229812792	0.00200467102375936	0.00086520525484667	0.0461530540239211	0.560079648044714	0.0900121576576949	0.273863371269946	0.164284563936149
G:	0.375647283241117	0.310040845446153	0.0732852197934502	0.0968523492653747	0.267025173029621	0.0461530540239211	0.00086520525484667	0.00200467102375936	0.00701053229812792	0.00251920637360945	0.0573015555497171	0.0814073119473513	0.107397342803583	0.115735997375814	0.351292066964508	0.256319949029033	0.534030235004949
T:	0.21841790752602	0.198703307728109	0.646453091568228	0.462618734643299	0.0466443482302039	0.679380782151811	0.908842987543694	0.00106317547531018	0.00643128581969345	0.984038975508569	0.939630597951213	0.00888449525410841	0.167068821020686	0.234515712929765	0.440373022661174	0.369940604206923	0.177964933013517
