Hoxa3_2783.2

A:	0.179704174505383	0.159576771741285	0.193464529797771	0.390069953341322	0.296639721857682	0.0741748221464444	0.00334330329999092	0.898171573745547	0.989591761200214	0.00484090641146842	0.00186598475247401	0.974262214050597	0.34839841291725	0.0546357790990053
C:	0.111241214650443	0.294805743309204	0.188506967541413	0.300339794544656	0.102769110407839	0.304880613419867	0.113978264960278	0.0960341015929146	0.00516670353595521	0.000925074450854906	0.00408803072548058	0.000512661659950785	0.157757547630578	0.354235014047266
G:	0.209597978722915	0.19377914010397	0.498358871189895	0.146255726458235	0.532831351264361	0.336692356948762	0.00100675382267541	0.00459936193610341	0.00144670003181906	0.00460790628595137	0.0496578651435244	0.0181642016773999	0.462100525792122	0.11702504807252
T:	0.49945663212126	0.35183834484554	0.119669631470921	0.163334525655788	0.0677598164701187	0.284252207484927	0.881671677917056	0.00119496272543462	0.00379483523201221	0.989626112851725	0.944388119378521	0.00706092261205227	0.0317435136600491	0.474104158781209
