Hoxa7_2668.2

A:	0.186841339409369	0.223463331713571	0.367581140231478	0.26167734439541	0.152252254044911	0.0670944874651081	0.904337918214612	0.942269443637004	0.0426173897451151	0.0537030779538236	0.822578391186412	0.499606394112393	0.137298953877922	0.342116571813516	0.361122079010085	0.205884220829416	0.187149022856641
C:	0.449539170064807	0.205830628339787	0.359935998997116	0.203240393077466	0.103804531722967	0.10558429210471	0.0353644564669194	0.00413122113975692	0.0109819454781244	0.00659454736464559	0.00474282924376964	0.244336820119728	0.191697433583381	0.164229498915348	0.190680593357076	0.237553965460917	0.554888918850977
G:	0.2497216432933	0.481456338087779	0.12593435915881	0.296600572383772	0.244336820119728	0.00474282924376964	0.00659454736464559	0.0109819454781244	0.00413122113975692	0.0353644564669194	0.10558429210471	0.103804531722967	0.130351530854887	0.220781394094487	0.205494903855992	0.305284935228478	0.118916066386857
T:	0.113897847232523	0.0892497018588632	0.146548501612597	0.238481690143352	0.499606394112393	0.822578391186412	0.0537030779538236	0.0426173897451151	0.942269443637004	0.904337918214612	0.0670944874651081	0.152252254044911	0.54065208168381	0.272872535176649	0.242702423776847	0.251276878481188	0.139045991905526
