Hoxa2_3079.1

A:	0.587651084055357	0.333327408390603	0.189864020159147	0.0886313086761245	0.00984209196561544	0.902627124028282	0.980610512899921	0.00449026911564651	0.00166520987026484	0.932020084981674	0.160139317636862	0.106117004660201	0.219505051730196	0.257086200610246	0.727235213474297	0.279631929009436
C:	0.0760885304747471	0.316840819553779	0.0804087026449895	0.205861690106149	0.0574450338244245	0.0884853037944225	0.0131329362610273	0.00176628172340492	0.00722236230703092	0.000692789228285911	0.296715154688827	0.623610272535663	0.279029034340524	0.444974362534913	0.0405217528381463	0.168566204080097
G:	0.24359534829288	0.218946288439576	0.623610272535663	0.524732929523962	0.000692789228285911	0.00722236230703092	0.00176628172340492	0.0131329362610273	0.0884853037944224	0.0574450338244245	0.445010551946945	0.0804087026449895	0.0797386906780746	0.0855592202826406	0.0934630674603509	0.266023554462186
T:	0.0926650371770153	0.130885483616043	0.106117004660201	0.180774071693764	0.932020084981674	0.00166520987026484	0.00449026911564651	0.980610512899921	0.902627124028282	0.00984209196561544	0.0981349757273658	0.189864020159147	0.421727223251205	0.2123802165722	0.138779966227206	0.285778312448282
