Hoxb7_3953.1

A:	0.0957951656051277	0.155196486703005	0.642440783285087	0.0922998179240881	0.025451059113928	0.9310368425993	0.964849392755385	0.0253467862691837	0.0308317414726512	0.913184075573185	0.402064635017238	0.0579774070573909	0.10292616301515	0.211589556774225	0.312862992132863	0.448600239418492
C:	0.28910378860949	0.23692985045628	0.211507170819263	0.223255186725081	0.0591922631963862	0.0352111054133314	0.00512671539541748	0.00467710558001338	0.00292031051471715	0.00217260211650056	0.314355133152803	0.0880746388382585	0.0852491160251766	0.307228693823296	0.253991938084818	0.132166752081922
G:	0.453768530567078	0.207203891563441	0.0880746388382584	0.394006942814059	0.00217260211650056	0.00292031051471715	0.00467710558001338	0.00512671539541748	0.0352111054133314	0.0591922631963862	0.166466282219224	0.211507170819263	0.557076448052166	0.248440404713992	0.145558349114603	0.286982869479464
T:	0.161332515218304	0.400669771277274	0.0579774070573909	0.290438052536771	0.913184075573185	0.0308317414726512	0.0253467862691837	0.964849392755385	0.9310368425993	0.025451059113928	0.117113949610735	0.642440783285087	0.254748272907507	0.232741344688487	0.287586720667716	0.132250139020123
