Hoxb9_3413.1

A:	0.369204936252814	0.357429473666842	0.576965387493015	0.103797248386192	0.0231883729956125	0.420259587152378	0.944116756623777	0.00764159919187005	0.728622992937305	0.958301929229226	0.969908922945371	0.869074603461189	0.336101990568771	0.203556941076723	0.226605383760898	0.252425849421488
C:	0.191401431764131	0.16024559731701	0.0692939334910766	0.127690800297394	0.65713200677613	0.543925487577049	0.00385065830896013	0.00615848181950246	0.00328304577604341	0.00264152750548469	0.00426452011603961	0.011516206648804	0.198101602743726	0.271818228191123	0.448090049791389	0.177811527704812
G:	0.373182183892452	0.40870080359696	0.310695561933968	0.646641020982156	0.0055979690321013	0.00935047185576077	0.0473748683861855	0.00410616744367388	0.00250506888816838	0.00261414076966625	0.00265010307466724	0.0284662703501699	0.0752302002942479	0.0983377202089473	0.146026451609396	0.357333663998375
T:	0.0662114480906027	0.0736241254191883	0.0430451170819403	0.121870930334258	0.314081651196156	0.0264644534148117	0.00465771668107704	0.982093751544954	0.265588892398483	0.0364424024956231	0.0231764538639219	0.0909429195398369	0.390566206393255	0.426287110523207	0.179278114838318	0.212428958875325
