Hoxb6_3428.2

A:	0.285750244277572	0.548839631430888	0.181874378328758	0.176788494177376	0.171188476973032	0.0746957034454139	0.0222229121332852	0.833470198912037	0.953512965104072	0.0228527611984452	0.0289042186681844	0.764792579128176	0.112354967981415	0.202489044128596	0.257217619621271	0.17863306704002
C:	0.141861157031914	0.0965889381602781	0.0411382663846364	0.0960241944108755	0.295681345439091	0.111978255853804	0.197770983942697	0.118869867413872	0.0120465812782216	0.011587692419261	0.0187557150059065	0.0152135247958418	0.737509585664503	0.33064113345928	0.134472270203492	0.246535548717397
G:	0.0553414299651265	0.0752477739561363	0.180661056278335	0.346904478366816	0.33064113345928	0.671993548340522	0.0152135247958418	0.0187557150059065	0.011587692419261	0.0120465812782216	0.118869867413872	0.197770983942697	0.0581348566507794	0.295681345439091	0.290938968654976	0.240080516442299
T:	0.517047168725387	0.279323656452697	0.596326299008271	0.380282833044933	0.202489044128596	0.141332492360259	0.764792579128176	0.0289042186681844	0.0228527611984452	0.953512965104072	0.833470198912037	0.0222229121332852	0.0920005897033026	0.171188476973032	0.317371141520261	0.334750867800284
