Hoxb4_2627.1

A:	0.150224693874571	0.247712866389476	0.313054181586503	0.342140165784207	0.0844525562803305	0.0150119035203171	0.935516074570304	0.983764369299303	0.00826935165551743	0.00166085515508831	0.886707148346682	0.683277383849064	0.0960659129579163	0.323465063301861	0.519713892756953	0.303076579076462	0.157700002953861
C:	0.589034454047941	0.218543237077705	0.315761539568098	0.122586761224835	0.167556574964103	0.0974966912209757	0.0598422627324307	0.0032044797518241	0.00476179929335526	0.00298080754217658	0.000784256912025499	0.0647134849065027	0.22432260586121	0.181303808003968	0.200929268668183	0.315971620111896	0.404295303649192
G:	0.173304680974964	0.315981560842678	0.161875327273575	0.414986136907378	0.0647134849065027	0.000784256912025499	0.00298080754217658	0.00476179929335526	0.0032044797518241	0.0598422627324307	0.0974966912209757	0.167556574964103	0.168399329578148	0.126554538425199	0.182027342691862	0.090405440482436	0.1565619111777
T:	0.0874361711025245	0.217762335690141	0.209308951571824	0.120286936083579	0.683277383849064	0.886707148346682	0.00166085515508831	0.00826935165551743	0.983764369299303	0.935516074570304	0.0150119035203171	0.0844525562803305	0.511212151602725	0.368676590268972	0.0973294958830012	0.290546360329206	0.281442782219247
