Hoxb13_3479.1

A:	0.376100219020029	0.479072275808115	0.297411595113711	0.0520673309388569	0.018222309622982	0.755568449077073	0.915412627513478	0.00261226245548425	0.83109201476914	0.927869121020689	0.967747445785701	0.843186258119174	0.371084316022553	0.264976035460574	0.215632901540988	0.221909768618622
C:	0.272625464414769	0.116315017914626	0.328645770822374	0.771716888218358	0.666055838810924	0.12236240702233	0.00102270050243799	0.0283962904417636	0.00185081106409606	0.00183914398022215	0.00960284373323435	0.0738121441229249	0.143031335930829	0.212884747374582	0.345186250863745	0.297211779822283
G:	0.202253280729929	0.274951852938394	0.182053906115258	0.0880831480284532	0.00695186005113427	0.00133855202958205	0.0523398554190967	0.000694789761346864	0.00561512699696644	0.00116879132220842	0.0028713267062588	0.0558676082450507	0.086222062025862	0.118959881780658	0.105518104550377	0.329310055424041
T:	0.149021035835272	0.129660853338865	0.191888727948657	0.0881326328143317	0.308769991514959	0.120730591871015	0.0312248165649876	0.968296657341405	0.161442047169798	0.0691229436768806	0.0197783837748054	0.0271339895128509	0.399662286020756	0.403179335384186	0.33366274304489	0.151568396135054
