Hoxb5_3122.2

A:	0.519854628063621	0.270805455455375	0.169746145005002	0.124862918134711	0.00773154539211166	0.904796850013139	0.984428234426651	0.00602903039652774	0.00391445512294468	0.921627452601464	0.189292535849288	0.0963069138742875	0.284851389982124	0.283474849423815	0.678070850104978	0.22293230061514
C:	0.226055588485013	0.347520786318989	0.0857911043255266	0.148105296020403	0.0697681858700208	0.0863269048404845	0.00656635142865199	0.00297638374816959	0.00496179002343187	0.000872816136403775	0.292569974977993	0.648155836795184	0.246931622953966	0.438816853465145	0.0454236962372984	0.161862680945844
G:	0.139920682441572	0.193242323981958	0.648155836795184	0.376768697333337	0.000872816136403775	0.00496179002343187	0.00297638374816959	0.00656635142865199	0.0863269048404845	0.0697681858700208	0.409589363784822	0.0857911043255266	0.103459682874592	0.110037465238535	0.141143382051559	0.139543680148704
T:	0.114169101009794	0.188431434243679	0.0963069138742876	0.350263088511549	0.921627452601464	0.00391445512294468	0.00602903039652774	0.984428234426651	0.904796850013139	0.00773154539211166	0.108548125387898	0.169746145005002	0.364757304189318	0.167670831872506	0.135362071606164	0.475661338290311
