Hoxb3_1720.2

A:	0.37824945893456	0.289542053435504	0.550939359567009	0.262967105685584	0.0825253495304795	0.00853380691567253	0.735581400849998	0.98414434757137	0.00956656831696705	0.00118344048109164	0.879244776531926	0.149024035283983	0.0504997134069491	0.188021715730626	0.321300262274813	0.311931601715514	0.406184776879634
C:	0.0492808477261434	0.133863619352443	0.197599186867078	0.266289124132999	0.566826462870659	0.111332239690994	0.261745764593723	0.00478072372460117	0.00150836038706156	0.00148939407518698	0.000889176861407032	0.201624152314879	0.340537232024432	0.151508236068227	0.234953661302652	0.115222965912867	0.138414258696714
G:	0.0515915529609593	0.520893705146579	0.134218769781102	0.324750209465329	0.201624152314879	0.000889176861407032	0.00148939407518698	0.00150836038706156	0.00478072372460117	0.261745764593723	0.111332239690994	0.566826462870659	0.118784585688637	0.302001566369973	0.382693604283385	0.395332663258547	0.195475641794113
T:	0.520878140378338	0.0557006220654742	0.117242683784812	0.145993560716088	0.149024035283983	0.879244776531926	0.00118344048109164	0.00956656831696705	0.98414434757137	0.735581400849998	0.00853380691567253	0.0825253495304795	0.490178468879982	0.358468481831173	0.0610524721391489	0.177512769113071	0.259925322629539
