Hoxb8_3780.2

A:	0.395438565771779	0.169036864682638	0.176713563760907	0.227183043688097	0.112609217340046	0.0148919463170012	0.781595960711186	0.969644283309676	0.0154013385693609	0.190099326985431	0.96096244891693	0.788403658296951	0.0980610322815441	0.596588716341107	0.402309080040994	0.452001947171628
C:	0.233273571789674	0.428782199694278	0.358169060016354	0.169542939638278	0.0304420927206219	0.617476932706068	0.15972802244427	0.0101546751364227	0.00439321269254992	0.00629935441021921	0.00489506493944026	0.0408755251678792	0.235899429972177	0.139705777855849	0.134941477377497	0.102421378007032
G:	0.0854062829879424	0.301430394770042	0.1992145289326	0.343798245112214	0.819978656086344	0.00318720268798449	0.0151532437996928	0.0124945315262775	0.00177769421689541	0.00297705586398742	0.00555865150884931	0.0235626485888682	0.0710564376713985	0.1318907590648	0.31903870756151	0.123562322690427
T:	0.285881579450605	0.100750540853042	0.26590284729014	0.259475771561411	0.0369700338529884	0.364443918288946	0.0435227730448507	0.00770651002762401	0.978427754521194	0.800624262740362	0.0285838346347803	0.147158167946302	0.59498310007488	0.131814746738243	0.143710735019999	0.322014352130914
