Hoxc12_3480.1

A:	0.183092865100744	0.293698676205146	0.412013194582345	0.195091428026724	0.152494682998251	0.0018673224748323	0.0422592067051885	0.1301964598682	0.00336615441643588	0.922190962407729	0.973219188810252	0.979071218746763	0.503129600029754	0.337927702000439	0.182883707070097	0.307728276566969	0.18982050211222
C:	0.256704909839532	0.196291723839664	0.124988451419287	0.186105704627943	0.0419514548726892	0.030136579471381	0.93917800146487	0.0016265391274808	0.00143624935593899	0.00582365515296929	0.00185730373532589	0.00889774041403013	0.13848354045367	0.242816225261437	0.251307609945671	0.135074336193432	0.425134420025296
G:	0.10664549778835	0.12347703702888	0.381422202605792	0.527371475600171	0.802925674497119	0.00160756421618557	0.00120376682381556	0.865068259311748	0.00306694438959805	0.000528358035611976	0.00129912848739585	0.00261548511007916	0.0319979083617701	0.0705639730718524	0.190482303412605	0.240870950192953	0.16706521353934
T:	0.453556727271374	0.38653256292631	0.0815761513925753	0.0914313917451623	0.00262818763194073	0.966388533837601	0.0173590250061255	0.00310874169257089	0.992130651838027	0.0714570244036901	0.0236243789670266	0.00941555572912716	0.326388951154806	0.348692099666272	0.375326379571627	0.316326437046646	0.217979864323143
