Hoxc13_3127.1

A:	0.32974978229318	0.359528813182961	0.422361073793577	0.109857773025009	0.0267313178475111	0.00186025798707775	0.0189791769475798	0.39465391754441	0.00126915852445288	0.897441140908308	0.958993154545544	0.981005651227412	0.645463846692878	0.298300103622588	0.158953797507509	0.325278833895141
C:	0.21887461091048	0.208885819767989	0.147885743663356	0.231755496545195	0.83833107256128	0.0340633644051132	0.887508438816352	0.000418825264681356	0.0172000030775215	0.00039672433498765	0.000593403220051784	0.00496268369026489	0.0813102153797262	0.138405612409878	0.229152750607289	0.0921925175966707
G:	0.126085454354966	0.16183938394734	0.154952872313744	0.365474746050115	0.133884072329979	0.00166507179038111	0.000420506774579329	0.598992442334762	0.000611354209854823	0.00371170528849294	0.000872853293637628	0.00099988306500905	0.0511362455066322	0.0944625064395885	0.156588726201309	0.241621397105398
T:	0.325290152441374	0.26974598310171	0.274800310229323	0.292911984379681	0.00105353726123004	0.962411305817428	0.0930918774614889	0.0059348148561469	0.980919484188171	0.0984504294682118	0.0395405889407666	0.0130317820173141	0.222089692420764	0.468831777527946	0.455304725683893	0.340907251402791
