Hoxc11_3718.2

A:	0.23326918728912	0.530699097641779	0.520161994857676	0.383288271499589	0.0826042621692086	0.00148954835708242	0.0112712966371468	0.234170137350692	0.00213913464225438	0.858370558627007	0.981016138416892	0.985345013827949	0.542364419998411	0.222952522137024	0.353019040353725	0.196584493816192
C:	0.248491219943433	0.117733750972439	0.128349304502822	0.142763409370356	0.0363295596056784	0.0256027764730672	0.977559187070122	0.00153074004460888	0.00135224208314967	0.0019545892299056	0.000748219621517942	0.00389547567332408	0.130699984692624	0.268192451077437	0.168556497548652	0.119005155788283
G:	0.135442760817111	0.196457856752561	0.129046568562333	0.265367467690056	0.87972921122794	0.000958992676421177	0.000430359281731001	0.762912314237206	0.0045902452331995	0.000716951999481467	0.00191489196462077	0.00179259165933502	0.106605875333197	0.191328595189923	0.262331692732383	0.352700602118455
T:	0.382796831950335	0.155109294633221	0.222442132077168	0.208580851439999	0.00133696699717311	0.971948682493429	0.0107391570109998	0.00138680836749356	0.991918378041396	0.138957900143606	0.0163207499969695	0.00896691883939138	0.220329719975768	0.317526431595617	0.216092769365241	0.331709748277069
