Hoxc4_3491.1

A:	0.141234249928622	0.217226436552563	0.35735611690769	0.44267039227312	0.105647258013871	0.019991538989127	0.954936394929025	0.982259821602819	0.00920196836815471	0.00240454354722636	0.919563867984415	0.758553203453477	0.112218964512281	0.352533910233887	0.526262811194645	0.262929220658345	0.296491998233007
C:	0.692028400417576	0.204182497790209	0.353857596083184	0.142752430698746	0.0769270018249708	0.0595652915845981	0.039548654968666	0.00449798408613298	0.00404022594289318	0.00311040655508248	0.000879301441860433	0.058872536707682	0.362494448712402	0.203899593058236	0.237738691181396	0.241936294951425	0.258285142678514
G:	0.0966555019056658	0.433004180695225	0.125468408151516	0.255622394886236	0.058872536707682	0.000879301441860433	0.00311040655508248	0.00404022594289318	0.00449798408613298	0.039548654968666	0.0595652915845981	0.0769270018249708	0.221575022683909	0.178138156939988	0.150471997965992	0.161991295372799	0.199537670168481
T:	0.0700818477481365	0.145586884962003	0.163317878857609	0.158954782141897	0.758553203453477	0.919563867984414	0.00240454354722636	0.00920196836815471	0.982259821602819	0.954936394929025	0.019991538989127	0.105647258013871	0.303711564091409	0.265428339767889	0.085526499657967	0.333143189017431	0.245685188919998
