Hoxc8_3429.2

A:	0.207756789062924	0.281324194053515	0.244119619269092	0.315658347665511	0.285730028604379	0.128506888921318	0.0102608003638993	0.913373435748223	0.973569365071631	0.0130603187362071	0.0365041414947985	0.909743887279389	0.348250651141175	0.174743756585022	0.20563065863617	0.0871979674612257
C:	0.224759981461273	0.192774886837334	0.0971115867347538	0.0981354366252089	0.169685509894353	0.0661456612276833	0.077035263119872	0.0457998767418583	0.0091010401625765	0.00426927602958522	0.00432254601511974	0.00296004923684006	0.333707240536228	0.369840704916246	0.095733918768407	0.156909917765616
G:	0.242606213399562	0.0889625214120304	0.411478236614658	0.358617407434017	0.369840704916246	0.56214849778276	0.00296004923684006	0.00432254601511974	0.00426927602958522	0.0091010401625765	0.0457998767418583	0.077035263119872	0.0380795405235494	0.169685509894353	0.416804952373252	0.166089337515987
T:	0.324877016076241	0.436938397697121	0.247290557381497	0.227588808275264	0.174743756585022	0.243198952068239	0.909743887279389	0.0365041414947985	0.0130603187362071	0.973569365071631	0.913373435748223	0.0102608003638993	0.279962567799048	0.285730028604379	0.281830470222171	0.589802777257171
