Hoxc9_2367.2

A:	0.279588204615869	0.212818520894317	0.371836314340126	0.200999192216319	0.141202943940593	0.026375876157661	0.286967582956509	0.890618719010466	0.0196800033955857	0.287238061483908	0.975509889618286	0.94913716172692	0.241728724378048	0.2123998949863	0.333375825725752	0.182023605401839
C:	0.205946452984139	0.12113581856979	0.224291196929765	0.0562538856476295	0.0488636558887481	0.197044972988928	0.688278065078798	0.00618138309766842	0.0111135272297638	0.00743185846644852	0.00620357890636123	0.0171109842878793	0.29657722685497	0.269674575286109	0.091783095250953	0.203528463995512
G:	0.33787743266259	0.376164529730773	0.240110503309811	0.589311074899131	0.796449414206684	0.00914601746344942	0.01198509599514	0.0980706064116045	0.0025385341352501	0.00216596431556098	0.00566689429321195	0.00622385270830385	0.0527681783432932	0.0900072521897634	0.259582470121482	0.245531171811444
T:	0.176587909737402	0.28988113080512	0.163761985420298	0.15343584723692	0.013483985963975	0.767433133389961	0.0127692559695529	0.00512929148026121	0.9666679352394	0.703164115734083	0.0126196371821411	0.027528001276897	0.408925870423688	0.427918277537828	0.315258608901813	0.368916758791205
