Hoxc10_2779.2

A:	0.239958500231414	0.393450916197142	0.425440439279586	0.342618589967616	0.0819125128352167	0.00164262025554911	0.018824714879368	0.295691111396104	0.00272568669181591	0.854003067259957	0.986219044950206	0.976476423355302	0.495997821349713	0.217851998395676	0.20630812141543	0.13787123792133
C:	0.241480188434828	0.123294354869823	0.16260829269965	0.136378551628413	0.0617333448190259	0.0368322088564589	0.976078045712173	0.00189213643056927	0.00244109554016413	0.00275221664374165	0.00147497422349472	0.00954700127008056	0.130830465976864	0.32616475528801	0.256597940671599	0.148597753729991
G:	0.127526200216241	0.236503694496952	0.183192376161293	0.29475786932965	0.855044283460225	0.00116977214740276	0.000605547241323892	0.701302629649296	0.00282253297642611	0.000600963678008623	0.00241499778707594	0.00164994416806357	0.145385007857115	0.15281914691561	0.289657478358361	0.304153058771605
T:	0.391035111117517	0.246751034436083	0.22875889185947	0.226244989074321	0.00130985888553262	0.960355398740589	0.00449169216713462	0.00111412252403071	0.992010684791594	0.142643752418292	0.00989098303922368	0.0123266312065537	0.227786704816308	0.303164099400704	0.24743645955461	0.409377949577075
