Hoxc5_2630.2

A:	0.129044846350054	0.175226581086	0.462716785467972	0.507586923721325	0.0812059441922435	0.0208284437920858	0.942384397648023	0.974114406247438	0.0166640008519093	0.00574182156124002	0.878249886275507	0.547887274771238	0.100484168202638	0.343115089400087	0.675638840548412	0.233151618481548	0.248693424731034
C:	0.615360728721854	0.211854666437785	0.342490104937959	0.0912400010160046	0.244474862585361	0.0986678964120555	0.0485375083351287	0.00222719129570011	0.00699440160495291	0.00333627245560849	0.00225377352035182	0.126431918451158	0.215126871780039	0.170820923382272	0.147679571805371	0.288842895805932	0.216952301258997
G:	0.166999808637627	0.463475757240938	0.0883064785301996	0.31634576025529	0.126431918451158	0.00225377352035182	0.00333627245560849	0.00699440160495291	0.00222719129570011	0.0485375083351287	0.0986678964120555	0.244474862585361	0.10393208898153	0.133573170731521	0.0970288844072132	0.190158745674082	0.19800753691299
T:	0.0885946162904651	0.149442995235277	0.106486631063869	0.0848273150073809	0.547887274771238	0.878249886275507	0.00574182156124002	0.0166640008519093	0.974114406247438	0.942384397648023	0.0208284437920858	0.0812059441922435	0.580456871035793	0.35249081648612	0.0796527032390038	0.287846740038438	0.33634673709698
