Hoxc6_3954.2

A:	0.141004636247032	0.455858419848595	0.477196834267791	0.426455521751097	0.1028619039461	0.028507264133574	0.91381898373226	0.960447524662223	0.0194540836077476	0.0552211470871496	0.87657176800313	0.463764591479627	0.118434164643892	0.383596960973352	0.460387046741374	0.319517018269798	0.316984806979501
C:	0.449492972404606	0.113781333322549	0.168032977194419	0.217567229528611	0.0366635976451092	0.0882703106246985	0.0224387320190472	0.00599948103873092	0.0140989106912986	0.00852113716154275	0.00665065723859734	0.396709906929163	0.218633712560154	0.0943391944277878	0.156121626295887	0.271629144180553	0.182398415298573
G:	0.156824801428135	0.308929347147361	0.129171952934581	0.282208673507067	0.396709906929163	0.00665065723859734	0.00852113716154275	0.0140989106912986	0.00599948103873092	0.0224387320190472	0.0882703106246985	0.0366635976451092	0.240530031892412	0.159852685236773	0.231061130082259	0.21254443266264	0.232157632126097
T:	0.252677589920227	0.121430899681495	0.225598235603209	0.0737685752132257	0.463764591479627	0.87657176800313	0.0552211470871496	0.0194540836077476	0.960447524662223	0.91381898373226	0.028507264133574	0.1028619039461	0.422402090903541	0.362211159362087	0.152430196880479	0.196309404887008	0.268459145595828
