Hoxd11_3873.1

A:	0.195239774780073	0.383231595275374	0.433733624726105	0.318929376285658	0.0781892243024587	0.00163865886997185	0.0112318929490991	0.171564087210881	0.00341775230139574	0.839933538780922	0.984574171224301	0.979993735620321	0.626288486534727	0.276342392136704	0.228871043580222	0.249433705310506	0.179262202054746
C:	0.299581193483718	0.235789144649173	0.150531410851627	0.193274602334505	0.0584941172979989	0.0218634448795233	0.978821048211223	0.00224005549900777	0.00262039302501867	0.00256602906514364	0.00119669865946093	0.00752365739866137	0.164042449667625	0.192594903988147	0.351279781188828	0.303270825458389	0.157831359644346
G:	0.0703923047514679	0.11831631646574	0.23349828640651	0.3292873349518	0.861976843715329	0.00151460895054936	0.000754764223429864	0.824311296957907	0.00301609074783227	0.000872160974739221	0.00312012777734399	0.00122315074470617	0.0223378655595908	0.122578371252583	0.153928777504852	0.170797478139298	0.195783971195841
T:	0.434786726984741	0.262662943609712	0.182236678015758	0.158508686428037	0.00133981468421303	0.974983287299956	0.00919229461624761	0.0018845603322043	0.990945763925753	0.156628271179195	0.0111090023388942	0.0112594562363117	0.187331198238057	0.408484332622565	0.265920397726098	0.276497991091807	0.467122467105068
