Hoxd10_2368.2

A:	0.405344563131715	0.39806260686884	0.0497530135725588	0.243697618838405	0.0308726554718613	0.714224647105079	0.833991521033797	0.00889812643318396	0.811684330778863	0.952107188104552	0.925365066657211	0.850658945535399	0.193368826686136	0.266774074471117	0.335521911177472	0.407170891934265	0.281181374232551
C:	0.293265889446733	0.0990340901938249	0.190410922281833	0.226261125001129	0.549741310032727	0.228091929175582	0.0109444267972189	0.026169066616994	0.00488868815062463	0.00432230674466262	0.00836006755094377	0.0582496785517925	0.242984785042666	0.0806006789579954	0.125499540592152	0.120539917533501	0.242347608975284
G:	0.22090729692183	0.33352505630643	0.336788507334303	0.324345698679395	0.00832145991109361	0.0209602439868631	0.0219184718240876	0.0083414813912149	0.004750952889411	0.00458651580484616	0.00681125140422776	0.0652365034877338	0.0495154300122603	0.239781115104563	0.188169563739737	0.187299725122155	0.160247404907593
T:	0.0804822504997225	0.169378246630905	0.423047556811306	0.205695557481071	0.411064574584318	0.036723179732476	0.133145580344896	0.956591325558607	0.178676028181101	0.0389839893459397	0.0594636143876175	0.0258548724250744	0.514130958258938	0.412844131466325	0.350808984490638	0.284989465410079	0.316223611884572
