Hoxd13_2356.1

A:	0.279189291445985	0.297705103801121	0.333484921706616	0.0464443221532223	0.0167803203234541	0.679959498985374	0.936496262830592	0.00474079139509036	0.904624499501473	0.967883216847872	0.980086685056823	0.898522910026822	0.246903196322857	0.192528464453568	0.247609915865117	0.246702212836036
C:	0.316790562334443	0.175638457152	0.203857630793114	0.540349470021443	0.648667290949529	0.116873352788358	0.00201262324192173	0.00873367531362889	0.000868545374806118	0.00229471048614794	0.00476792454205276	0.0416325764962793	0.292445774312535	0.300908420467599	0.343316847462948	0.253595259001048
G:	0.190403686299742	0.191019606833048	0.174034134504533	0.0832371284629551	0.00387027802237504	0.00274547194395864	0.0268763840033481	0.00386097360393766	0.00534511206435018	0.00100305532191161	0.00288735399814861	0.0227758795328971	0.0692403232937409	0.105654715870156	0.190759766687938	0.176298330397888
T:	0.21361645991983	0.335636832213832	0.288623312995737	0.329969079362379	0.330682110704642	0.200421676282309	0.0346147299241385	0.982664559687343	0.0891618430593706	0.0288190173440683	0.0122580364029757	0.0370686339440018	0.391410706070866	0.400908399208677	0.218313469983997	0.323404197765028
