Hoxd12_3481.1

A:	0.191103341635585	0.402271613470501	0.368769263094197	0.257932793947246	0.106949898339085	0.00108592107591647	0.0200822891832853	0.118318711131988	0.00317228512013452	0.922155520668001	0.98350273223295	0.982158061363713	0.575374340334978	0.191389781449778	0.189094311049749	0.265714177479729	0.215917873531291
C:	0.352101296122337	0.197071378327996	0.193397869338081	0.260777685248257	0.0671910174041136	0.021564177262788	0.96808166523752	0.000919643520543865	0.00212966350974654	0.0027957039819133	0.000922676229993905	0.00389196125012008	0.149673631223237	0.208792892811451	0.36902534083866	0.203402570216224	0.141705448911731
G:	0.107327293293909	0.150916990933228	0.226932203224102	0.380702261053266	0.825020617451171	0.000853291476379772	0.000327238551808108	0.879435812083027	0.0018660340816364	0.000429011815234439	0.00137254538104525	0.000953558103043637	0.0271409234878809	0.100368240940696	0.1809040737979	0.179753719309158	0.246046893767607
T:	0.349468068948169	0.249740017268275	0.21090066434362	0.100587259751231	0.000838466805630433	0.976496610184916	0.0115088070273862	0.00132583326444164	0.992832017288483	0.0746197635348513	0.014202046156011	0.0129964192831232	0.247811104953904	0.499449084798074	0.260976274313691	0.351129532994889	0.39632978378937
