Hoxd3_1742.2

A:	0.192402668299997	0.187296683970054	0.144327757823329	0.36663326263767	0.236002549957267	0.138363097117944	0.0107356439695228	0.869205737152584	0.984660564276025	0.00558631511229825	0.00250471074595872	0.844157099295416	0.374156725879326	0.239636756939521	0.119371318466259	0.0899936733101308
C:	0.368474102319282	0.084726232129052	0.0970474799693251	0.0950849514975125	0.0866282622982656	0.238226134662268	0.144562242208775	0.123881633336278	0.00730986372490681	0.00244325688676964	0.00440791876517937	0.000545014526285839	0.368903253226675	0.437732430804946	0.366519269658512	0.220456160116659
G:	0.0535755028397676	0.0782642797701541	0.597981878090283	0.328406037656731	0.437732430804946	0.290886990695256	0.000545014526285839	0.00440791876517937	0.00244325688676964	0.00730986372490681	0.123881633336278	0.144562242208775	0.143291277960779	0.0866282622982656	0.306406967511048	0.210965762170096
T:	0.385547726540953	0.64971280413074	0.160642884117062	0.209875748208087	0.239636756939521	0.332523777524532	0.844157099295416	0.00250471074595872	0.00558631511229825	0.984660564276025	0.869205737152584	0.0107356439695228	0.11364874293322	0.236002549957267	0.207702444364182	0.478584404403115
