Hoxd1_3448.1

A:	0.385363616680206	0.463014549901719	0.408638409478809	0.401822057958532	0.040875745554669	0.00971634720685972	0.921605708450288	0.98575855621163	0.00791968212698457	0.000959008267599873	0.845968172935851	0.295363502756688	0.0439505313686126	0.0670271675411633	0.220176059218821	0.234707904821631	0.319800347593522
C:	0.0506289734494821	0.155016623679929	0.226338113001285	0.145391492195458	0.453600722137967	0.142800901363928	0.0650968085589503	0.00354508917276469	0.00277667248862047	0.012338474723162	0.00151457849336179	0.210160029550675	0.5769294650888	0.0834242266733724	0.217963471524694	0.17321064130351	0.200479444823147
G:	0.108744754024491	0.281848906240945	0.126086460534802	0.401476661045529	0.210160029550675	0.00151457849336179	0.012338474723162	0.00277667248862047	0.00354508917276469	0.0650968085589503	0.142800901363928	0.453600722137967	0.102299759868441	0.185357972524893	0.321759330986861	0.273286016184443	0.184238297179916
T:	0.455262655845822	0.100119920177407	0.238937016985105	0.0513097888004805	0.295363502756688	0.845968172935851	0.000959008267599873	0.00791968212698457	0.98575855621163	0.921605708450288	0.00971634720685972	0.040875745554669	0.276820243674146	0.664190633260571	0.240101138269625	0.318795437690416	0.295481910403415
