Hoxd8_2644.1

A:	0.12541272444534	0.604958967187669	0.599593364255245	0.330015207382461	0.0685751989384661	0.723431252413062	0.916525090035231	0.035230108691204	0.0474328033720759	0.952666307979794	0.79464520030332	0.0707111712055064	0.354541341150679	0.243842212552664	0.186362611030339	0.187639956987053	0.364787437946016
C:	0.120906586852863	0.122400767340267	0.08196476793965	0.048408381377743	0.230328022440741	0.122425912863621	0.0217564860837145	0.0132562365981292	0.0107943342196739	0.00348611448595629	0.0514956979093072	0.0891391116034422	0.0412554049302837	0.0654597247178433	0.499737532977802	0.0915713524362334	0.207143182089585
G:	0.200343001193421	0.108041471041611	0.204643427942444	0.286845363329845	0.0143233425648579	0.0307519989387305	0.0223964063705903	0.0121298775578807	0.00482658028663436	0.0122879572739974	0.0222693965301793	0.0498113295304602	0.466791378799556	0.563307137351901	0.0767255630407085	0.135426780364986	0.182549214984461
T:	0.553337687508375	0.164598794430454	0.113798439862661	0.334731047909951	0.686773436055935	0.123390835784586	0.0393220175104645	0.939383777152786	0.936946282121616	0.0315596202602519	0.131589705257194	0.790338387660591	0.137411875119481	0.127390925377591	0.237174292951151	0.585361910211728	0.245520164979938
