Ipf1_3815.1

A:	0.377159818018092	0.345024404820027	0.377815284243509	0.0825361604788211	0.00869028928778206	0.889720165314713	0.977997260780849	0.0118153618282178	0.00267296498837335	0.902214035051456	0.117307543114682	0.0906530221538344	0.343391216002645	0.171490138124635	0.686087455676743	0.223025523437716
C:	0.294454671108626	0.245434035272286	0.0689156400099829	0.272284434433388	0.0880259785947198	0.0985369990948795	0.00899677697100197	0.00119060041993134	0.00906987060203392	0.00106969706604214	0.205678281535563	0.462616053592674	0.201134431028973	0.503220088181421	0.0284580825677255	0.183810920037891
G:	0.195542278064769	0.206254631700091	0.462616053592674	0.47294709951121	0.00106969706604214	0.00906987060203392	0.00119060041993134	0.00899677697100197	0.0985369990948794	0.0880259785947198	0.570197805948449	0.0689156400099829	0.0749896815326304	0.19067784372477	0.142727230877766	0.230863123556112
T:	0.132843232808513	0.203286928207597	0.0906530221538344	0.172232305576581	0.902214035051456	0.00267296498837335	0.0118153618282178	0.977997260780849	0.889720165314713	0.00869028928778206	0.106816369401305	0.377815284243509	0.380484671435752	0.134611929969175	0.142727230877766	0.36230043296828
