Irx2_0900.3

A:	0.394105920163842	0.466342843821146	0.319347430304226	0.406890776748057	0.21998164761424	0.947280191871808	0.00395502660142156	0.956451554709339	0.0309585250845963	0.0141923892892527	0.0250857524407542	0.743436334558788	0.404816146546788	0.295978743373981	0.399608102983072	0.176973380024863	0.339978152494034
C:	0.0813986201726899	0.126236210592833	0.127771532755885	0.139765792087466	0.00724459998722805	0.0149835095402471	0.974386387924887	0.00122920936634915	0.011360710839716	0.00746619618443853	0.0126505461471907	0.029337417839743	0.174235951524852	0.194048811557421	0.10606304875341	0.19646240262952	0.107592790626594
G:	0.100827189882868	0.130788200565386	0.257086640943591	0.252855354344413	0.029337417839743	0.0126505461471907	0.00746619618443853	0.011360710839716	0.00122920936634915	0.974386387924887	0.0149835095402471	0.00724459998722805	0.206625607330568	0.285864195133485	0.123706120214622	0.26900400271563	0.0836823938793061
T:	0.4236682697806	0.276632745020635	0.295794395996299	0.200488076820064	0.743436334558788	0.0250857524407542	0.0141923892892527	0.0309585250845963	0.956451554709339	0.00395502660142156	0.947280191871808	0.21998164761424	0.214322294597792	0.224108249935113	0.370622728048897	0.357560214629987	0.468746663000066
