Irx3_0920.1

A:	0.36931414638583	0.332301793558061	0.29110742203544	0.295366493305524	0.224028732016959	0.935122740187588	0.00447378382765522	0.9242555958735	0.0586612518671247	0.0124106711775861	0.036768471216895	0.721776715649398	0.44932008013751	0.313282777143337	0.522855487053334	0.185896934455564	0.276852867748397
C:	0.0862259024457445	0.160100673724444	0.190306167668845	0.218345872212255	0.00703728077206775	0.014035842647637	0.977495707865291	0.0011805333252321	0.0159026189341432	0.00561983712946798	0.0140729459478801	0.0471572715615749	0.226935888905463	0.0701446121841474	0.0749129469028846	0.387405906034848	0.127952142179667
G:	0.205101152974667	0.284254981492235	0.229518100775218	0.264867725599801	0.0471572715615749	0.0140729459478801	0.00561983712946798	0.0159026189341432	0.0011805333252321	0.977495707865291	0.014035842647637	0.00703728077206775	0.166094076512894	0.179424224221061	0.105873202490109	0.129138013690798	0.189255086782037
T:	0.339358798193759	0.223342551225261	0.289068309520497	0.221419908882419	0.721776715649398	0.036768471216895	0.0124106711775861	0.0586612518671247	0.9242555958735	0.00447378382765522	0.935122740187588	0.224028732016959	0.157649954444132	0.437148386451454	0.296358363553673	0.297559145818789	0.405939903289899
