Irx3_2226.1

A:	0.402654395141188	0.381229087969384	0.271698966995488	0.278393386918462	0.223979890529223	0.952925083940503	0.00537961399268915	0.945295126041391	0.0422141145117718	0.0181685071068123	0.0244439689294057	0.738719845401069	0.449438182119052	0.266541796083246	0.412619058189568	0.175351117882796	0.355721033869813
C:	0.107067855720787	0.129621202314182	0.148903438288237	0.239730464965675	0.00607295972899263	0.0137314309063874	0.972116606478304	0.00106150513196005	0.0114292543148775	0.00433527242219475	0.00889951622370355	0.0312273043407155	0.199271314879082	0.0850699181718477	0.114770641307472	0.270485403034849	0.130415004222909
G:	0.157938967282825	0.243277276215282	0.261472375810133	0.235045050217168	0.0312273043407155	0.00889951622370355	0.00433527242219475	0.0114292543148775	0.00106150513196005	0.972116606478304	0.0137314309063874	0.00607295972899263	0.196334822088339	0.155049797091172	0.151818495918683	0.162372304473564	0.156633328651587
T:	0.332338781855199	0.245872433501152	0.317925218906142	0.246831097898695	0.738719845401069	0.0244439689294057	0.0181685071068123	0.0422141145117718	0.945295126041391	0.00537961399268915	0.952925083940503	0.223979890529223	0.154955680913527	0.493338488653734	0.320791804584277	0.391791174608792	0.357230633255691
