Irx4_2242.3

A:	0.448140902284075	0.354009738798938	0.300225965209272	0.269191898789798	0.325457965318915	0.907257876004096	0.010498897169293	0.897815577262291	0.0817111115900716	0.0465010252625051	0.0636653996297463	0.627307470775925	0.563710352209611	0.461314426454503	0.513284437858598	0.195487053653612	0.385007616736654
C:	0.0822566840190749	0.179239151897562	0.196857457322993	0.228296397470123	0.00873718477050343	0.0132014244525994	0.935216460498987	0.0013318531385906	0.019141458009047	0.00778361706921477	0.0158752999135587	0.038497379134656	0.193341206749883	0.0791247916307484	0.10843853982028	0.320892606318747	0.137791187866151
G:	0.141153108368666	0.231684421159074	0.192402667151399	0.25972728567324	0.038497379134656	0.0158752999135587	0.00778361706921477	0.019141458009047	0.0013318531385906	0.935216460498987	0.0132014244525994	0.00873718477050343	0.098814902998096	0.155616819860522	0.126001560128783	0.240954891717435	0.149761652407215
T:	0.328449305328185	0.235066688144426	0.310513910316336	0.242784418066838	0.627307470775925	0.0636653996297463	0.0465010252625051	0.0817111115900716	0.897815577262291	0.010498897169293	0.907257876004096	0.325457965318915	0.144133538042409	0.303943962054227	0.25227546219234	0.242665448310206	0.32743954298998
