Irx5_2385.1

A:	0.367462530694454	0.435674623917006	0.309410811399829	0.330171233021988	0.326575170914508	0.934343715967765	0.00494124855310216	0.940152053855072	0.0475641490961136	0.0278064310282508	0.03580982066584	0.599738097209218	0.348556513824547	0.376604786454917	0.540551823106422	0.210439015052736	0.303891261651667
C:	0.110356843135256	0.104105941945638	0.166534302904149	0.218393461069737	0.00615526094572267	0.0184168632665605	0.961787688936848	0.00110655774939107	0.0111772392994234	0.00546463148179945	0.011429600099834	0.0675314709305512	0.239287538591815	0.112651792903349	0.0744084114054099	0.212707436746819	0.113735019204539
G:	0.154650380440691	0.185653139439257	0.199425982690306	0.20772684318613	0.0675314709305512	0.011429600099834	0.00546463148179945	0.0111772392994234	0.00110655774939107	0.961787688936848	0.0184168632665605	0.00615526094572267	0.195868032413232	0.210786876125988	0.115847395705374	0.245294288458744	0.133740754003955
T:	0.3675302457296	0.274566294698099	0.324628903005716	0.243708462722144	0.599738097209218	0.03580982066584	0.0278064310282508	0.0475641490961136	0.940152053855072	0.00494124855310216	0.934343715967765	0.326575170914508	0.216287915170406	0.299956544515746	0.269192369782795	0.331559259741701	0.448632965139839
