Irx6_2623.2

A:	0.356322554888774	0.540549019299491	0.401574646831391	0.311151052922198	0.198376474703657	0.947120287713207	0.00693358154761662	0.947314405680101	0.0346222612736624	0.0273733294354588	0.0283162701935673	0.764226548117046	0.372950471176253	0.39979252900637	0.478414239722146	0.317989893319859	0.131398067411266
C:	0.182244979929429	0.133347330494122	0.161837354213478	0.164567728423607	0.00659603505350016	0.014181824162429	0.957983085456456	0.00187375145658481	0.0161895815896518	0.007710003560468	0.0103816179307967	0.0308009421257972	0.265936775483309	0.101871259270316	0.110201683279111	0.215497632303008	0.0633970181026559
G:	0.120161636349996	0.11934151720927	0.116291641012905	0.283940933497099	0.0308009421257972	0.0103816179307967	0.007710003560468	0.0161895815896518	0.00187375145658481	0.957983085456456	0.014181824162429	0.00659603505350016	0.182203000527026	0.214477463733639	0.114534348648627	0.212040989804696	0.0700490362472424
T:	0.341270828831801	0.206762132997118	0.320296357942226	0.240340285157096	0.764226548117046	0.0283162701935673	0.0273733294354588	0.0346222612736624	0.947314405680101	0.00693358154761662	0.947120287713207	0.198376474703657	0.178909752813411	0.283858747989675	0.296849728350116	0.254471484572436	0.735155878238836
