Isl2_3430.1

A:	0.380653484510546	0.372740761818377	0.400406345207062	0.582825459127111	0.743019239715913	0.0552770239908364	0.0168917418738384	0.599279290568666	0.705284293800841	0.0137499740467515	0.013264147435947	0.933003774935585	0.656050824379001	0.145542629299461	0.323514313397231	0.204784086740574
C:	0.464277774970411	0.252485229835646	0.346871229351822	0.148557609773676	0.117597730537203	0.296641731262235	0.507616445675082	0.361703297707247	0.282581496817528	0.0130790171741823	0.0138041759253068	0.00444655870611226	0.0415770537871333	0.109862930422221	0.098571262628011	0.284908979163298
G:	0.0697102436136284	0.0948933934026005	0.119278771121027	0.126868451917559	0.0496914069608343	0.0935153887485074	0.00767149751878059	0.0190606917731408	0.00532318088452281	0.00473636033659801	0.00461231503971621	0.00517933875627202	0.212431648686441	0.30759732263753	0.137254021838981	0.0756376567807932
T:	0.0853584969054139	0.279880614943377	0.13344365432009	0.141748479181653	0.0896916227860496	0.554565855998421	0.467820314932299	0.0199567199509469	0.00681102849710768	0.968434648442468	0.96831936159903	0.0573703276020308	0.0899404731474253	0.436997117640787	0.440660402135777	0.434669277315334
