Isx_3445.1

A:	0.344919665220104	0.269684693451616	0.198602923183035	0.299999170036689	0.0388084365616462	0.00211366435770123	0.985495834298083	0.986867660078695	0.00675778141161129	0.00516312974684764	0.60245608537741	0.083655080903425	0.117493068955933	0.141840604952195	0.164821866774573	0.324430700058575
C:	0.257039908802563	0.307876614304463	0.275957866932161	0.309362193205437	0.864074959015676	0.394151086029691	0.0066847957376323	0.00277350326720851	0.00360105524248556	0.00265624021743738	0.0012791642351981	0.0134615235192531	0.21113225101809	0.295701094177339	0.224238873638565	0.103222584104035
G:	0.121610180677584	0.219909394742683	0.198026138797919	0.271654313198905	0.0134615235192531	0.0012791642351981	0.00265624021743738	0.00360105524248556	0.00277350326720851	0.0066847957376323	0.394151086029691	0.864074959015676	0.327637335063019	0.283111546885024	0.472137886061572	0.166108185080151
T:	0.276430245299749	0.202529297501238	0.327413071086885	0.118984323558969	0.083655080903425	0.60245608537741	0.00516312974684764	0.00675778141161129	0.986867660078695	0.985495834298083	0.00211366435770123	0.0388084365616462	0.343737344962958	0.279346753985442	0.13880137352529	0.406238530757239
