Lbx2_3869.2

A:	0.235355208524618	0.224915252870854	0.306839768980569	0.385575562783246	0.0340652803455026	0.0078229330749074	0.954157478171471	0.967321206467258	0.00247957346753513	0.0227778989381563	0.706439286600502	0.553945998541647	0.125227973412411	0.146578879423986	0.139720273207962	0.345151692997424	0.403538183235573
C:	0.056968406317716	0.243343768839214	0.344345543586116	0.215436672473986	0.397935555890841	0.284357714861399	0.0140981412308322	0.00581484382257921	0.024384376242628	0.0089664816595407	0.00138006546319174	0.0140531652220091	0.303638424746755	0.239825316784314	0.392838996742513	0.0972029967404963	0.190019054454181
G:	0.0564806960403755	0.442424686321115	0.138205747723786	0.185937138987313	0.0140531652220091	0.00138006546319174	0.0089664816595407	0.024384376242628	0.00581484382257921	0.0140981412308322	0.284357714861399	0.397935555890841	0.133102678474711	0.334271236819438	0.379115038974276	0.364190900703429	0.263441338179597
T:	0.651195689117291	0.0893162919688168	0.210608939709529	0.213050625755456	0.553945998541647	0.706439286600502	0.0227778989381563	0.00247957346753513	0.967321206467258	0.954157478171471	0.0078229330749074	0.0340652803455026	0.438030923366123	0.279324566972262	0.088325691075249	0.193454409558652	0.143001424130649
