Lhx1_2240.2

A:	0.315209476783861	0.226796860483438	0.381904332509664	0.579946434611697	0.0338573199327401	0.0105621058930645	0.98367753574118	0.976701002401452	0.01797684453054	0.00138947304000115	0.908719635679647	0.776255430672232	0.372267540662758	0.497647120564179	0.643159200075512	0.275636898927189	0.149905342398514
C:	0.366240697217075	0.179143870200331	0.174944221031235	0.09345060528833	0.165950545795864	0.0803366594749006	0.00767097996210699	0.0010392112312187	0.00428294183678888	0.0072620112567119	0.000381598952388139	0.0239367035991632	0.146397360844776	0.117798546334597	0.113093541841558	0.292310039620732	0.181594946536249
G:	0.224447736668187	0.492087766394937	0.190108801432561	0.164862742735387	0.0239367035991632	0.000381598952388139	0.0072620112567119	0.00428294183678888	0.0010392112312187	0.00767097996210699	0.0803366594749006	0.165950545795864	0.0848849169640681	0.0913250443899391	0.0556303702533033	0.13669770117799	0.349325864768409
T:	0.0941020893308764	0.101971502921293	0.25304264502654	0.161740217364586	0.776255430672232	0.908719635679647	0.00138947304000115	0.01797684453054	0.976701002401452	0.98367753574118	0.0105621058930645	0.0338573199327401	0.396450181528398	0.293229288711285	0.188116887829626	0.295355360274089	0.319173846296829
