Lhx2_0953.2

A:	0.306381261942112	0.440318742687603	0.451251583651386	0.657675643373595	0.0483113999505858	0.0100512032049953	0.932821010255747	0.958985502836295	0.00156260411488015	0.00335473231729775	0.805116135230837	0.272552775437027	0.108690374551233	0.142872422695958	0.377089589155188	0.269039130825174	0.230031626366892
C:	0.0700561498271964	0.242822741708847	0.237732893993742	0.134905952158654	0.670446718075822	0.184406844167174	0.0620034333162125	0.00117117898997647	0.0382807140588488	0.00182082411074282	0.000425817396993589	0.00868910653656533	0.354923800636189	0.109669416080438	0.276457496454006	0.255833519154328	0.281711845152027
G:	0.121055180802005	0.207039179090673	0.12313863888864	0.144848320661063	0.00868910653656533	0.000425817396993589	0.00182082411074282	0.0382807140588488	0.00117117898997647	0.0620034333162125	0.184406844167174	0.670446718075822	0.145647540543322	0.389506144465886	0.174829472334445	0.221229474953302	0.261893701972317
T:	0.502507407428686	0.109819336512877	0.187876883466232	0.0625700838066879	0.272552775437027	0.805116135230837	0.00335473231729775	0.00156260411488015	0.958985502836295	0.932821010255747	0.0100512032049953	0.0483113999505858	0.390738284269255	0.357952016757718	0.171623442056361	0.253897875067196	0.226362826508763
