Lhx3_3431.1

A:	0.226745502221811	0.256970880877149	0.556783919394295	0.631659164121473	0.0213056112059976	0.016973678999428	0.971884559014998	0.983075614048596	0.0104777832099012	0.000692919086831852	0.952734291110384	0.874372745297408	0.425814073333883	0.343977297969322	0.412596826163128	0.338395513448613	0.112285179938874
C:	0.289244031462164	0.229669553158861	0.22834416042756	0.0882823992484225	0.0982128215793539	0.0299488365370054	0.00419426605777186	0.00165343151242687	0.00479317122907628	0.0232282558403985	0.000343193353182854	0.00610882191724071	0.086547853604458	0.0343490179611283	0.281153701783675	0.315969124712645	0.233323626478216
G:	0.371785171266594	0.248726372566203	0.0384897292104066	0.196624429356236	0.00610882191724071	0.000343193353182854	0.0232282558403985	0.00479317122907628	0.00165343151242687	0.00419426605777186	0.0299488365370054	0.0982128215793539	0.127396614850886	0.0793196401026372	0.0773803595206811	0.106508777172723	0.310744888098803
T:	0.112225295049432	0.264633193397787	0.176382190967738	0.0834340072738681	0.874372745297408	0.952734291110384	0.000692919086831852	0.0104777832099012	0.983075614048596	0.971884559014998	0.016973678999428	0.0213056112059976	0.360241458210774	0.542354043966913	0.228869112532516	0.239126584666018	0.343646305484107
