Lhx4_1719.2

A:	0.238397785787647	0.528662869825264	0.410472027750159	0.393507664097435	0.076114648412606	0.0113906427371994	0.915020765430493	0.986624033263144	0.00241487843119138	0.00103534840977514	0.785578709218001	0.0809841566326322	0.0933193437842806	0.0882114539093972	0.310164433313616	0.0584470198034196	0.180932193685336
C:	0.10305556488813	0.240527975031832	0.174021900811009	0.221555356658806	0.71366498534982	0.202097468344679	0.0100324413665175	0.00430532103110199	0.00665576727456296	0.0739114447932141	0.000933179700120229	0.129236209604942	0.422656662173808	0.105807669571997	0.0899608508198121	0.0845058432877562	0.123294046567292
G:	0.288105987771357	0.0546460669961616	0.180449571849995	0.22604930956897	0.129236209604942	0.000933179700120229	0.0739114447932142	0.00665576727456296	0.00430532103110199	0.0100324413665175	0.202097468344679	0.71366498534982	0.265077789238261	0.249478767836869	0.144320551895547	0.187743007502313	0.545619099937578
T:	0.370440661552866	0.176163088146742	0.235056499588838	0.15888766967479	0.0809841566326322	0.785578709218001	0.00103534840977514	0.00241487843119138	0.986624033263144	0.915020765430493	0.0113906427371994	0.076114648412606	0.218946204803651	0.556502108681738	0.455554163971025	0.669304129406511	0.150154659809794
