Lhx5_2279.1

A:	0.192127482169281	0.251870772190447	0.469240422462674	0.6203508678317	0.0263568327830282	0.0103010328009921	0.980649414636824	0.981396929882705	0.0126553434987987	0.000802463459307289	0.92328321268016	0.851876993864026	0.528437922410609	0.296646644570727	0.401193462917256	0.309965973368498	0.0897610685942232
C:	0.348816187512872	0.201197069378987	0.19583977934413	0.0630609559938803	0.0968379377523987	0.0661143710686228	0.00766255898310767	0.00129382703126714	0.00465389958722961	0.0108855629207606	0.00030138345022481	0.0249282356005474	0.142301747787731	0.11528352613626	0.235971111712973	0.315366746047353	0.287438785712539
G:	0.300473502430316	0.314740019353454	0.137749230159968	0.196615065345739	0.0249282356005474	0.00030138345022481	0.0108855629207606	0.00465389958722961	0.00129382703126714	0.00766255898310767	0.0661143710686228	0.0968379377523987	0.0715367338946259	0.0626879171757712	0.157675441784779	0.145959461079868	0.205358944498862
T:	0.158582827887531	0.232192139077112	0.197170568033228	0.11997311082868	0.851876993864026	0.92328321268016	0.000802463459307289	0.0126553434987987	0.981396929882705	0.980649414636824	0.0103010328009921	0.0263568327830282	0.257723595907034	0.525381912117243	0.205159983584991	0.228707819504281	0.417441201194375
