Lhx6_2272.1

A:	0.157158335816987	0.397634638111076	0.284782398207446	0.235890352046601	0.306735546736211	0.0573965737155613	0.00668325481323952	0.829705097184339	0.984954871864371	0.00254645831825653	0.000408914850570881	0.875330521573191	0.467188718348905	0.105781334498171	0.222768446963894	0.0622340472818761	0.521382825031907
C:	0.312330305525795	0.119490193717256	0.190341729833038	0.557808969332806	0.109204058062635	0.460111998891369	0.117450239481383	0.0099404443183258	0.00278992783552476	0.00970874198184775	0.159945543646764	0.000535984132186233	0.0153027090441647	0.12824474751187	0.109289821076474	0.282895591674301	0.103357827056002
G:	0.375783964916194	0.150254337661373	0.341286414944249	0.0850628136376656	0.528696088663702	0.0153027090441647	0.000535984132186233	0.159945543646764	0.00970874198184774	0.00278992783552476	0.0099404443183258	0.117450239481383	0.460111998891369	0.269596348365657	0.40787443784365	0.21862236224164	0.0642063499125454
T:	0.154727393741024	0.332620830510295	0.183589457015268	0.121237864982928	0.0553643065374527	0.467188718348905	0.875330521573191	0.000408914850570881	0.00254645831825653	0.984954871864371	0.829705097184339	0.00668325481323952	0.0573965737155613	0.496377569624302	0.260067294115981	0.436247998802183	0.311052997999546
