Lhx6_3432.1

A:	0.309277153067564	0.314922766759047	0.236512518574908	0.328201504858148	0.0367228382387322	0.0065517612270475	0.808705749077082	0.985834776499602	0.00154879739868349	0.000402939519669621	0.840467917897679	0.209292788590469	0.0722606652658212	0.158855104099015	0.217780381079304	0.294586197555654	0.15334103355455
C:	0.0658850897083988	0.502967155250583	0.316617943700726	0.240695179170556	0.719108324421736	0.152291424322074	0.0119676093707094	0.00473231860116331	0.00788410750055071	0.178923702032539	0.000688896553200216	0.0348760487490631	0.672992807700924	0.12257721278366	0.179201110212715	0.122783024939936	0.22269342847158
G:	0.0619639065016272	0.10435884444123	0.206033233853574	0.323270121707487	0.0348760487490631	0.000688896553200216	0.178923702032539	0.00788410750055071	0.00473231860116332	0.0119676093707094	0.152291424322074	0.719108324421736	0.101229521577883	0.516561917619906	0.388054960634007	0.215860527327892	0.297698022832089
T:	0.56287385072241	0.0777512335491406	0.240836303870791	0.10783319426381	0.209292788590469	0.840467917897679	0.000402939519669621	0.00154879739868349	0.985834776499602	0.808705749077082	0.0065517612270475	0.0367228382387322	0.153517005455372	0.202005765497418	0.214963548073973	0.366770250176518	0.32626751514178
