Lhx8_2247.2

A:	0.381182074077313	0.273031517766875	0.33224501940196	0.288841183465351	0.0597141160980617	0.00587629913745692	0.857805787879249	0.983730310862334	0.0018199025745441	0.000311089191218342	0.823142776823889	0.0383826970268805	0.0227290466467234	0.139767918745641	0.148964144182527	0.0763163315164499	0.18103824535373
C:	0.203862617947413	0.44308553701601	0.358200499510754	0.389155704916314	0.852528844152906	0.170371181244601	0.0141196542143549	0.00411135350853914	0.010338433054583	0.127763468715177	0.000609742794052837	0.0493743427221523	0.729172770918343	0.120743907182898	0.118691809049481	0.185770198362129	0.136131856938946
G:	0.13841947155087	0.157555355407916	0.167186995181582	0.252731598918779	0.0493743427221523	0.000609742794052837	0.127763468715177	0.010338433054583	0.00411135350853914	0.0141196542143549	0.170371181244601	0.852528844152906	0.0902000164702183	0.49247255365105	0.499320463437805	0.195891743611199	0.512805403021513
T:	0.276535836424404	0.126327589809199	0.142367485905704	0.0692715126995555	0.0383826970268805	0.823142776823889	0.000311089191218342	0.0018199025745441	0.983730310862334	0.857805787879249	0.00587629913745692	0.0597141160980617	0.157898165964715	0.247015620420411	0.233023583330187	0.542021726510222	0.170024494685811
