Lhx9_3492.1

A:	0.143123626753472	0.054904183845313	0.201680046578243	0.664155292408062	0.0983412396154575	0.0172213335405319	0.958291753325159	0.974483625096703	0.00883782786900909	0.00087267635732252	0.827997947337661	0.592994198554144	0.182339394519238	0.211792344410626	0.509307827805206	0.160962211032725	0.0937567945765287
C:	0.546305763281931	0.381028578087197	0.481386353520722	0.069835078030826	0.270840366992673	0.154122602389263	0.0258116266654213	0.00100804491633253	0.0156705021179556	0.0150239436520973	0.000658116732543698	0.037824194837725	0.0989036529526174	0.356256281441766	0.264568616198755	0.437400753407491	0.367022626702161
G:	0.136465125064478	0.348883733556924	0.0629913226706011	0.143813320213797	0.037824194837725	0.000658116732543698	0.0150239436520973	0.0156705021179556	0.00100804491633253	0.0258116266654213	0.154122602389263	0.270840366992673	0.107627754486885	0.161489152569511	0.151044348982148	0.207749443119934	0.178330720595632
T:	0.17410548490012	0.215183504510566	0.253942277230433	0.122196309347314	0.592994198554144	0.827997947337661	0.00087267635732252	0.00883782786900909	0.974483625096703	0.958291753325159	0.0172213335405319	0.0983412396154575	0.61112919804126	0.270462221578097	0.0750792070138918	0.19388759243985	0.360889858125678
