Lmx1b_3433.2

A:	0.336930829155875	0.25106810060715	0.318913847154025	0.368649245602631	0.359682297412262	0.0195347916022097	0.0159017767424353	0.974697967794511	0.978084746674436	0.0152137739257062	0.0168823445487052	0.95922239083531	0.80184848255488	0.242323168130366	0.283782379833287	0.252385992261151	0.1414295559553
C:	0.220706656333978	0.126245786817023	0.0868724784212308	0.0511704003020227	0.0885059472599601	0.162692098182762	0.0242241563338198	0.00608572262473934	0.00128088146097066	0.00542059793888758	0.00233396503204466	0.000651676088435157	0.0159246276601485	0.115687829190624	0.0975625805356739	0.255982125361871	0.249462132639482
G:	0.306670904554223	0.394766848253169	0.150663030532957	0.0923612398037721	0.0647711223367136	0.0159246276601485	0.000651676088435157	0.00233396503204466	0.00542059793888758	0.00128088146097066	0.00608572262473934	0.0242241563338198	0.162692098182762	0.116363524402698	0.188384102295963	0.135945872546598	0.350759275923146
T:	0.135691609955924	0.227919264322658	0.443550643891788	0.487819114291575	0.487040632991064	0.80184848255488	0.95922239083531	0.0168823445487052	0.0152137739257062	0.978084746674436	0.974697967794511	0.0159017767424353	0.0195347916022097	0.525625478276311	0.430270937335077	0.35568600983038	0.258349035482072
