Lmx1a_2238.2

A:	0.163026582359827	0.173470906687127	0.431858886113566	0.420559890501744	0.0608421377404854	0.0322355331125881	0.938541013223454	0.964463755301143	0.0305785715201379	0.0460566890318632	0.93043945257602	0.773397595591354	0.498149135800369	0.520755188838845	0.483290261953993	0.221556991893788	0.167919963697566
C:	0.50639258746623	0.211163527702338	0.182416183061774	0.12757432638361	0.128685501017513	0.0359668090801406	0.00835157535239718	0.0015955339392271	0.00336213923949234	0.00705072239228578	0.001358205231251	0.0370747656506476	0.0572416983287612	0.121277230556103	0.175069677772476	0.366893674037501	0.342642996704482
G:	0.246326591709739	0.477035572095803	0.155297619512252	0.126915028487513	0.0370747656506476	0.001358205231251	0.00705072239228578	0.00336213923949234	0.0015955339392271	0.00835157535239718	0.0359668090801406	0.128685501017513	0.0919235202097008	0.0541200749409952	0.069682695916902	0.153619271095385	0.169855633299825
T:	0.0842542384642035	0.138329993514732	0.230427311312407	0.324950754627134	0.773397595591355	0.93043945257602	0.0460566890318632	0.0305785715201379	0.964463755301143	0.938541013223454	0.0322355331125881	0.0608421377404853	0.352685645661169	0.303847505664057	0.27195736435663	0.257930062973326	0.319581406298127
