Meis1_2335.1

A:	0.432115260699469	0.50808123352566	0.225875028778721	0.0923733780290305	0.947171578155936	0.0278292469712032	0.0238007799642057	0.00154818239382212	0.00842246161360751	0.0253425609260755	0.00145072991858084	0.991202182379287	0.695909670165325	0.357894940019693	0.453162500794993	0.200614680381801
C:	0.114993948891515	0.0608216438929373	0.27602769416669	0.286686590389364	0.00593652664981131	0.439934874581003	0.963423635497058	0.0182150120123338	0.00112440454448554	0.00409355121915387	0.992788912298012	0.00163763400609851	0.0221448884268353	0.0909314750316913	0.204394944811547	0.393436626441009
G:	0.130834653382877	0.214256079635452	0.28098188176228	0.360933478985487	0.0285951961515158	0.50505133123153	0.00820486022236591	0.000405621488247121	0.989006714417152	0.000240831261127385	0.00203677229880182	0.00315868329759091	0.0136569662038992	0.093795553258962	0.181066693736251	0.171397791758849
T:	0.322056137026138	0.216841042945951	0.217115395292309	0.260006552596119	0.018296699042737	0.0271845472162635	0.0045707243163704	0.979831184105597	0.00144641942475486	0.970323056593643	0.00372358548460507	0.00400150031702375	0.268288475203941	0.457378031689654	0.161375860657209	0.23455090141834
