Meox1_2310.2

A:	0.298846816578392	0.386190368191894	0.18278523385866	0.176066746541978	0.00838406920527812	0.908713581424903	0.979659144011403	0.00757506180398451	0.00182368174163696	0.824019875157455	0.100726202894968	0.250359497476114	0.159906654791872	0.160363896390809	0.75087348416221	0.178742735449976
C:	0.19852273185506	0.289012288041708	0.122103607042988	0.0920499575173057	0.167218719025576	0.06259440376977	0.0113818609343978	0.00138393325021482	0.0268683330636906	0.000377336611691469	0.429327055021429	0.444751661622238	0.294669214541559	0.395189882800123	0.0811685331251924	0.0909104902102154
G:	0.433415953447535	0.268809755439001	0.444751661622238	0.527087948176351	0.000377336611691469	0.0268683330636907	0.00138393325021482	0.0113818609343978	0.06259440376977	0.167218719025575	0.284197507567357	0.122103607042988	0.0780586701451788	0.20443251068218	0.080050417461323	0.569589183371097
T:	0.0692144981190136	0.055987588327397	0.250359497476114	0.204795347764366	0.824019875157455	0.00182368174163696	0.00757506180398451	0.979659144011403	0.908713581424902	0.00838406920527812	0.185749234516247	0.18278523385866	0.46736546052139	0.240013710126888	0.0879075652512745	0.160757590968712
