Mrg1_2246.2

A:	0.378836163588551	0.507161208335747	0.277495517457807	0.0652999615660246	0.918962863854538	0.0172953176896972	0.0233914115791215	0.00175991606341532	0.013946138937178	0.0359102572314685	0.00146479238368674	0.986785417550699	0.715894317894352	0.33233230787678	0.473738532607668	0.211505127547806
C:	0.145096058254982	0.0907298503527384	0.23458127154397	0.339403107543504	0.0109484205818355	0.545132609729813	0.962222581579946	0.0202582395965257	0.000586128802884657	0.00482532033468806	0.991446399886612	0.00115750301536062	0.0430457835948316	0.0848413596798406	0.19857955988796	0.32597089965398
G:	0.102045693665882	0.177057683494006	0.275774547154348	0.360939400933179	0.0432623081257773	0.416602720874731	0.00731141281305891	0.000359941174329259	0.983699187342609	0.000196896557872293	0.00133832129032587	0.00584823752654126	0.0189664947675434	0.0984209867865199	0.152071954301027	0.212210923617172
T:	0.374022084490585	0.225051257817509	0.212148663843875	0.234357529957292	0.0268264074378492	0.0209693517057587	0.00707459402787368	0.97762190316573	0.00176854491732804	0.959067525875971	0.00575048643937534	0.00620884190739892	0.222093403743273	0.48440534565686	0.175609953203345	0.250313049181043
