Mrg2_2302.1

A:	0.451361150315237	0.590641837361585	0.264847553088385	0.108875711587089	0.771097553479402	0.0302919110847632	0.0533999205390526	0.00174934482407088	0.00726702888427598	0.0312372854404063	0.00151978021808613	0.976582421899285	0.640869300204343	0.318843110921502	0.432136693118213	0.24712383712991
C:	0.129344244696879	0.061044581833038	0.211504775622267	0.280056405415576	0.0210497357660386	0.50591231121894	0.869563238335801	0.0293333522443939	0.000535941644038707	0.00665942916813548	0.992341878304453	0.0049095129985881	0.0620016777823641	0.128253438203765	0.269894516426604	0.427479554062109
G:	0.139592960510131	0.179637549920412	0.252513500013635	0.299986662752182	0.148609053434578	0.423702125499035	0.0219636024209918	0.000487463766696554	0.989449608047817	0.00055846019092184	0.00163724794772095	0.0108108931458121	0.0328301445828217	0.123095933033946	0.155457159320361	0.14716405404663
T:	0.279701644477754	0.168676030884964	0.271134171275714	0.311081220245153	0.0592436573199814	0.0400936521972618	0.0550732387041543	0.968429839164839	0.00274742142386834	0.961544825200536	0.00450109352973963	0.00769717195631535	0.264298877430471	0.429807517840787	0.142511631134823	0.178232554761351
