Msx1_3031.2

A:	0.176253745332391	0.249721133875193	0.291914103230616	0.356133229487793	0.659248523844733	0.138447427236615	0.0110998836335935	0.980709036966663	0.99107076802014	0.00634785353560251	0.00703974710146523	0.816260830170276	0.437637034583576	0.0974255908266129	0.257977487071212	0.314444724417996
C:	0.240546632314651	0.185302862184314	0.431529579505893	0.199854980194633	0.0579060301385857	0.42670298258589	0.240427971896704	0.0156445017212498	0.00164369496421778	0.0015133919506613	0.00272412660443637	0.000899133573947313	0.174123156846796	0.107419391219108	0.229735312810261	0.362426910336549
G:	0.266148909225495	0.390406855529592	0.110832426683748	0.109078509871811	0.160159925236311	0.128902208620848	0.000504410711999049	0.00102492304161781	0.0032114430137515	0.00221316816101738	0.00267138873146856	0.173088329683747	0.210652190572759	0.175272466641124	0.181529030466294	0.126918296454283
T:	0.317050713127464	0.1745691484109	0.165723890579743	0.334933280445762	0.122685520780371	0.305947381556648	0.747967733757703	0.00262153827046958	0.00407409400189063	0.989925586352719	0.98756473756263	0.00975170657202995	0.177587617996869	0.619882551313155	0.330758169652233	0.196210068791172
