Msx2_3449.1

A:	0.275512916182682	0.383321314801178	0.442556696975477	0.139318047286616	0.700102532685742	0.0226906780709391	0.00965429589888727	0.990884346309177	0.985386707051278	0.00504421203130072	0.0051221867266729	0.957648219199629	0.147183078020989	0.114464668772967	0.15722697752848	0.245081269742402	0.0924602410517521
C:	0.256810545830372	0.282526513655362	0.124680672986715	0.227241348696927	0.0838928058514784	0.796940146843442	0.562163344642019	0.00173218571067266	0.0121755706897531	0.00325950190840237	0.00950716347835453	0.0003797087775105	0.0506316427841183	0.415702244065609	0.0955656870137489	0.362598939955681	0.210729958847252
G:	0.311674514573512	0.177970408461124	0.236862061256681	0.544118737921743	0.130336343167305	0.114830434221121	0.000715485588230612	0.00233004102200074	0.000853929123130146	0.000976926925126111	0.000372131560350598	0.0353967804685891	0.560835478693896	0.0847907779068616	0.474272299072609	0.108499427154122	0.114247642528495
T:	0.156002023413434	0.156181763082336	0.195900568781127	0.0893218660947149	0.0856683182954747	0.0655387408644983	0.427466873870863	0.00505342695814985	0.00158379313583897	0.990719359135171	0.984998518234622	0.00657529155427184	0.241349800500997	0.385042309254562	0.272935036385162	0.283820363147795	0.582562157572501
