Msx3_3206.1

A:	0.317811571371433	0.601470556901191	0.399507575750795	0.754569309996903	0.77046924933789	0.0386891827835739	0.00493456730777192	0.986315923964553	0.991636248671322	0.00915584646891661	0.0136884901390921	0.987634534439154	0.701095021439475	0.181730964112333	0.224815658961469	0.310538520466841
C:	0.352437745214437	0.13383031407798	0.293187175685113	0.0541304246882032	0.0880895560069307	0.673099660676088	0.522968207183883	0.00148392242758379	0.00507853812412214	0.00185722084774383	0.00658841535606088	0.000353897046519549	0.0278282852889759	0.184799868508556	0.221032078131293	0.208307233080958
G:	0.23162762896617	0.16494682897887	0.0985242121050924	0.133622135809873	0.0869044605543959	0.189095989847371	0.000482197354961518	0.00922210208543711	0.00145674817132079	0.00108068345241213	0.00019096982328904	0.00516632956281478	0.154852275813203	0.303458130358933	0.182405144947138	0.099081243507142
T:	0.0981230544479594	0.0997523000419587	0.208781036459	0.0576781295050205	0.0545367341007833	0.0991151666929675	0.471615028153384	0.00297805152242631	0.00182846503323479	0.987906249230927	0.979532124681558	0.00684523895151161	0.116224417458346	0.330011037020179	0.371747117960101	0.382073002945059
