Nkx1-1_3856.3

A:	0.353447226715995	0.169986778651463	0.262042112599895	0.354877817298486	0.0479838130408223	0.00762974223566577	0.884176244254423	0.95391150050337	0.0434426683868449	0.00213164289773878	0.575355398342082	0.18984367456145	0.0140220109629416	0.112401354085563	0.101198332164226	0.160044106699895	0.358939397544427
C:	0.0681177784636107	0.245776022901181	0.483885971432121	0.202409874222398	0.627223289964053	0.416327941089468	0.112463779149021	0.00137678082856506	0.00126905028121966	0.00122833369881668	0.000686918332783904	0.134949222433675	0.455684372364717	0.0954884794996838	0.313777762840422	0.156083662827256	0.198163191457139
G:	0.120462115954215	0.546030048529324	0.125630180471219	0.397957181333765	0.134949222433675	0.000686918332783904	0.00122833369881668	0.00126905028121966	0.00137678082856506	0.112463779149021	0.416327941089468	0.627223289964053	0.0586770209317808	0.677137154015762	0.492626061332894	0.492476849285546	0.262649298899435
T:	0.457972878866179	0.038207149918032	0.128441735496766	0.0447551271453506	0.18984367456145	0.575355398342082	0.00213164289773878	0.0434426683868449	0.95391150050337	0.884176244254423	0.00762974223566577	0.0479838130408223	0.471616595740561	0.114973012398991	0.0923978436624579	0.191395381187303	0.180248112098999
