Nkx1-2_3214.1

A:	0.256795207169085	0.185418688096627	0.121736386510346	0.195378540850394	0.480150295493995	0.108385696650276	0.0150966390782661	0.93414500723487	0.959365530382547	0.0377396957559313	0.00487780324907373	0.68429598418581	0.353883211945654	0.110678079725973	0.280600588924862	0.0957952645056085	0.55818532268211
C:	0.158815108611254	0.158897066909496	0.24582689903776	0.495023911687655	0.0652942706595163	0.467030059111087	0.299127286916569	0.0595291208759928	0.00174715540837255	0.00114761845314896	0.00144806864006292	0.00148008981935491	0.0707010322929831	0.154281995404616	0.146224728376272	0.565494490797395	0.0547695602152043
G:	0.296577605265647	0.228921004827631	0.352106182565881	0.182413166847913	0.397364257904769	0.0707010322929831	0.00148008981935491	0.00144806864006292	0.00114761845314896	0.00174715540837255	0.0595291208759928	0.299127286916569	0.467030059111087	0.175205528248365	0.342066137349189	0.203147367973788	0.0237885165617996
T:	0.287812078954014	0.426763240166246	0.280330531886013	0.127184380614037	0.0571911759417202	0.353883211945654	0.68429598418581	0.00487780324907373	0.0377396957559312	0.959365530382547	0.934145007234871	0.0150966390782661	0.108385696650276	0.559834396621045	0.231108545349677	0.135562876723208	0.363256600540887
