Nkx2-5_3436.1

A:	0.284345936760387	0.399663072605026	0.637559969257709	0.184898146157383	0.0174588163229636	0.00100368964377435	0.947796330123417	0.0242684556038062	0.00261578934206973	0.0067421094311279	0.393077886363109	0.870162367417082	0.632449373390914	0.362797789499847	0.132809710645863	0.0947075369086381
C:	0.280936648329622	0.110463603583978	0.0298057875071174	0.144378985345432	0.862110993264047	0.958163580487199	0.0114991172925287	0.973476281757757	0.00190107151642062	0.0712903080202579	0.0934236448127425	0.00729401345537167	0.156278425954951	0.126578752638788	0.206404514598841	0.272323690547739
G:	0.138179762046442	0.327481189167524	0.21832068159783	0.370827985043954	0.118223116065026	0.000887970593645287	0.00041314704380552	0.000709144688783119	0.00333663054430568	0.000276310785891086	0.490619616803314	0.0519522693036835	0.172644400789628	0.0857955689604007	0.0250839895718166	0.0877019405603181
T:	0.296537652863549	0.162392134643472	0.114313561637344	0.29989488345323	0.00220707434796355	0.0399447592753815	0.0402914055402486	0.00154611794965375	0.992146508597204	0.921691271762723	0.0228788520208349	0.070591349823863	0.0386277998645061	0.424827888900965	0.63570178518348	0.545266831983305
