Nkx2-6_3437.1

A:	0.217416400838831	0.398507934776717	0.791391713463632	0.21167110917346	0.0238304288947447	0.00142608597557595	0.969354069368703	0.0173584253062865	0.0018164646077816	0.000925329912311965	0.67067186808732	0.757146944906721	0.335600009468649	0.440448516894179	0.126576634440261	0.0884809540884801
C:	0.196318183030049	0.155536694836388	0.0221058296201425	0.145451959736763	0.847356698056762	0.942474931118348	0.00101215434827775	0.980969284982529	0.00418106605901471	0.0590989987800273	0.0111298898563269	0.0109031306211689	0.359053115215353	0.19911630945902	0.210048589113535	0.233165778857771
G:	0.223786055047711	0.270545513419421	0.126944249404243	0.349400999266474	0.127124596028659	0.000494568681882546	0.000987335303220139	0.000777927091973357	0.00157287310782397	0.000431272117577486	0.312569834694837	0.0321372142865267	0.277276971014714	0.111993218013529	0.0396610476810674	0.0327059222672343
T:	0.362479361083409	0.175409856967474	0.059558207511983	0.293475931823303	0.00168827701983519	0.0556044142241937	0.0286464409797989	0.000894362619210899	0.99242959622538	0.939544399190083	0.00562840736151538	0.199812710185584	0.028069904301284	0.248441955633271	0.623713728765137	0.645647344786515
