Nkx2-3_3435.1

A:	0.112665204290601	0.100414165090503	0.0835983434182872	0.15709075895686	0.80406889454972	0.88017337767982	0.00956054272489521	0.00140863580081511	0.74542529756644	0.0082675066881301	0.0218453827610088	0.0257331997736078	0.534325231407209	0.581546014963675	0.210084711578068	0.231700027919849
C:	0.429745712845599	0.366064297085108	0.139792226372072	0.151456269223629	0.00335336534353343	0.00676681608698097	0.0185549444006952	0.25066946072269	0.00249660591005514	0.96361700618628	0.0912144234721905	0.166844540333138	0.173500182276223	0.0785566179109889	0.208523051784311	0.168937953723355
G:	0.0740330334445697	0.135644067339479	0.0936365227606023	0.101963148211598	0.166844540333138	0.0912144234721905	0.963617006186279	0.00249660591005514	0.25066946072269	0.0185549444006953	0.00676681608698097	0.00335336534353343	0.200023740564177	0.22684632756144	0.190951156106617	0.404360436900986
T:	0.38355604941923	0.39787747048491	0.682972907449039	0.589489823607912	0.0257331997736078	0.0218453827610088	0.0082675066881301	0.74542529756644	0.00140863580081511	0.00956054272489521	0.88017337767982	0.80406889454972	0.0921508457523915	0.113051039563896	0.390441080531004	0.19500158145581
