Nkx2-9_3082.1

A:	0.246056947382184	0.148669857946678	0.228864497000385	0.315761084571451	0.66918326014622	0.870956568317469	0.00983375961762521	0.00178266091941346	0.774314396704935	0.00509724273126192	0.0288346534569485	0.0218053307484932	0.411282012651085	0.794622441735299	0.590680400037255	0.241271801912348	0.145723807442299
C:	0.0812308107267733	0.199380013194746	0.152178534710524	0.0972290047910333	0.00293603781588101	0.00893299853326102	0.0281411877357585	0.219474879180474	0.00442806319517798	0.956927809915354	0.0912757796923217	0.306075371289405	0.172327797880839	0.0187893637858586	0.124232885607358	0.115001425928754	0.359815536482354
G:	0.164693575210121	0.121256549276731	0.0747138293319515	0.242200277663866	0.306075371289405	0.0912757796923217	0.956927809915354	0.00442806319517798	0.219474879180474	0.0281411877357585	0.00893299853326102	0.00293603781588101	0.25363252061866	0.0526428808087939	0.103685905160821	0.214390030264143	0.128910587086132
T:	0.508018666680922	0.530693579581845	0.544243138957139	0.34480963297365	0.0218053307484932	0.0288346534569485	0.00509724273126192	0.774314396704935	0.00178266091941346	0.00983375961762521	0.870956568317469	0.66918326014622	0.162757668849416	0.133945313670048	0.181400809194566	0.429336741894755	0.365550068989215
