Nkx2-2_2823.1

A:	0.299323006456695	0.267630939775571	0.482613971410657	0.430835758099866	0.124943775538804	0.00194109833537796	0.920202469524212	0.0235435264628647	0.0050102922551432	0.00325030390004946	0.134658863168253	0.932489682401848	0.504530357662626	0.673257068424154	0.356323665916715	0.129482658226456	0.289070826647458
C:	0.258428743225926	0.143881537205924	0.212022117941349	0.0739120669330315	0.704330746642151	0.876478844969561	0.00598471629583604	0.974092749627576	0.00309762439918575	0.198148980539025	0.104975614912621	0.000724142559693046	0.106202955459533	0.0748928231686406	0.0976102949521966	0.188352775145104	0.157675253144934
G:	0.141957037996891	0.146933103714382	0.233630562417931	0.334439303993992	0.166815115206913	0.000828022707777218	0.000455796701076051	0.000859128257381335	0.00132841863705077	0.000490495981366088	0.753464397880656	0.00614025685844804	0.360995327799033	0.106535806768411	0.230141863374917	0.203622699170546	0.231908902882899
T:	0.300291212320487	0.441554419304123	0.0717333482300627	0.16081287097311	0.0039103626121319	0.120752033987284	0.0733570174788759	0.00150459565217778	0.99056366470862	0.798110219579559	0.00690112403847037	0.0606459181800107	0.0282713590788079	0.145314301638794	0.315924175756172	0.478541867457893	0.321345017324708
