Nkx2-4_3074.1

A:	0.275793862315875	0.497677058756694	0.631989242024348	0.254344474529883	0.0931363033135489	0.00600124015983358	0.849518321086918	0.0218110695653427	0.0032031186778994	0.00661392094013498	0.279108286783965	0.886450935400868	0.428825246605258	0.510790975690154	0.225089385736756	0.135903681735074
C:	0.208449762692073	0.116961080497665	0.0468403580383497	0.174292526043438	0.75841888870199	0.821576300647416	0.0147117844861382	0.974976047875111	0.00482636090435029	0.21802609575576	0.177971686559559	0.00253634486024132	0.384523315634153	0.162011297129171	0.190299807655355	0.254965231152647
G:	0.159912520745032	0.192392086684252	0.128233379227301	0.398253894516935	0.133433064556157	0.000979893805549075	0.000850596739563499	0.00105318253059937	0.00201354539491269	0.000596690499205978	0.527161388916264	0.0257398945431778	0.14856590690528	0.0442326761641952	0.0476294810139764	0.0511668637639306
T:	0.35584385424702	0.192969774061389	0.192937020710002	0.173109104909744	0.0150117434283042	0.171442565387201	0.13491929768738	0.00215970002894695	0.989956975022838	0.7747632928049	0.0157586377402117	0.0852728251957132	0.0380855308553086	0.28296505101648	0.536981325593913	0.557964223348349
