Nkx3-1_2923.2

A:	0.230343202023793	0.359358319137981	0.227575126489734	0.28538332176948	0.76075432024144	0.850902818091448	0.007291378709475	0.00158311885962621	0.854968520810666	0.0068056365395087	0.0212244145913522	0.0183206312337711	0.691605585432367	0.629431181394479	0.570121437311691	0.303064008782403	0.202801410718385
C:	0.129202281630204	0.121339559639741	0.345211032617963	0.0768144213003553	0.00403860945990275	0.00639907480941583	0.0425790738185045	0.137945977639216	0.00550238269049171	0.943323910932512	0.121473692507784	0.216886439064887	0.0996043831921292	0.0514194607221512	0.143533733524586	0.0847412369191769	0.252788089445056
G:	0.214468114758293	0.162570406373979	0.162386409367249	0.22780445360596	0.216886439064887	0.121473692507784	0.943323910932512	0.00550238269049171	0.137945977639216	0.0425790738185045	0.00639907480941583	0.00403860945990275	0.051044647747272	0.224807194837424	0.13749149071767	0.174008517969112	0.303230851746988
T:	0.42598640158771	0.356731714848299	0.264827431525053	0.409997803324204	0.0183206312337711	0.0212244145913522	0.0068056365395087	0.854968520810666	0.00158311885962621	0.007291378709475	0.850902818091448	0.76075432024144	0.157745383628231	0.0943421630459459	0.148853338446053	0.438186236329308	0.241179648089572
