Nkx6-1_2825.1

A:	0.227744673963351	0.339117775405841	0.345779441583709	0.557584168079163	0.771650741166678	0.184990222361788	0.00460694554630326	0.986716823266164	0.983765651517448	0.0172428901716451	0.0123915928563535	0.883539499323065	0.315533715783452	0.115226262099058	0.136047977781836	0.142642678366951	0.0614306366173649
C:	0.143729202562932	0.308916017320612	0.158723535692113	0.0795529766236198	0.0181701008517261	0.00735725610426001	0.0446352880561262	0.00238311323249599	0.00186623582161064	0.00293370212139678	0.0148793863563426	0.0026776610584307	0.452702607146222	0.301678634287783	0.255000082539639	0.30840322902698	0.237193491650365
G:	0.473157069686652	0.205492590026521	0.153017600632822	0.110321141943692	0.0249615180091381	0.0236109347160506	0.000600884308179994	0.00448682063220507	0.00267151373552398	0.00177205132775269	0.166862511658642	0.0874381746745177	0.102959293745257	0.112527364815004	0.214892620833338	0.250213641994544	0.507859216349543
T:	0.155369053787065	0.146473617247026	0.342479422091355	0.252541713353525	0.185217639972457	0.784041586817901	0.950156882089391	0.00641324286913467	0.0116965989254174	0.978051356379205	0.805866509128662	0.0263446649439869	0.128804383325069	0.470567738798156	0.394059318845187	0.298740450611525	0.193516655382727
