Nkx6-3_3446.1

A:	0.211080058795488	0.384982345266609	0.310057219884999	0.4577130287893	0.675529617796224	0.177571171819726	0.00509099164841423	0.985078365600672	0.98349899945357	0.0194386080421031	0.00877074855812484	0.843445148913558	0.296528830698417	0.0891090791329759	0.136822204069106	0.192395984643506	0.0802532518905558
C:	0.172311099530495	0.234092123022118	0.205879891272534	0.100791587959325	0.0257639262235313	0.0160031883058444	0.0702908228722942	0.00325197828549076	0.00212062443854381	0.00450340758252532	0.0167795563218694	0.00354973266318404	0.352616141207198	0.193309917532502	0.217266452948542	0.261719786259308	0.215904927453364
G:	0.431246866174559	0.223039379925551	0.172142735733305	0.100760404895421	0.02287164357341	0.0295714882690654	0.000804746573289659	0.00533279567441194	0.00502769147969836	0.00227314075164321	0.249673579102727	0.12308736575752	0.228920776248008	0.157449126631644	0.312593621248226	0.233534256297485	0.453924720773688
T:	0.185361975499458	0.157886151785722	0.311920153109163	0.340734978355953	0.275834812406835	0.776854151605364	0.923813438906002	0.00633686043942583	0.00935268462818761	0.973784843623728	0.724776116017279	0.0299177526657385	0.121934251846377	0.560131876702878	0.333317721734126	0.312349972799701	0.249917099882392
