Nkx6-1_2825.2

A:	0.374309877022675	0.258654948289141	0.0895442932170597	0.556515826339802	0.841106314660342	0.177459948427989	0.00452126737298777	0.984856182884634	0.981314174219377	0.0171403298934707	0.0102198946980634	0.787515748464604	0.0948757798725903	0.145942690930714	0.0814059679134742	0.118016055058934
C:	0.230699421820328	0.244972497245985	0.208931191431109	0.0796656367476809	0.021961476441962	0.0120634543008642	0.066149943174439	0.00363034006628995	0.00213160371081344	0.00360220310283567	0.0181047722487319	0.00424784405845978	0.42666365046803	0.237898471639655	0.33998716449023	0.572980443101089
G:	0.252907860306305	0.389523386342582	0.058690055947922	0.0721547416018078	0.0229213416844864	0.0363858866956872	0.000901519121958328	0.00600400007559837	0.00388554342097291	0.00209189360907454	0.260713852208381	0.169160288672727	0.219681563193316	0.276354129562585	0.0642654677678665	0.12830099082187
T:	0.142082840850692	0.106849168122293	0.642834459403909	0.291663795310709	0.114010867213209	0.77409071057546	0.928427270330615	0.00550947697347738	0.0126686786488365	0.977165573394619	0.710961480844824	0.0390761188042098	0.258779006466063	0.339804707867047	0.514341399828429	0.180702511018107
