Obox5_2284.1

A:	0.281264184977015	0.34402797403996	0.26662661692584	0.393172164869755	0.11094025582032	0.0890507667726955	0.00841068139840951	0.987566867725767	0.00397215493883018	0.00756770076313328	0.97458712736799	0.799843694504742	0.383707224876897	0.0743434301310732	0.182972975713106	0.274044559296431	0.286676976342014
C:	0.188967519233875	0.0382655041003701	0.234289930146292	0.142839424395781	0.0632101719201553	0.00292035600871566	0.000553853317266771	0.00499536067995899	0.00126095411137512	0.00477302423823825	0.000828455528953136	0.00492630391807509	0.178161823251875	0.0813688693591862	0.309007409327622	0.191529677726449	0.377629538083365
G:	0.13660860949368	0.328422170973308	0.328021571547786	0.37928203561943	0.811347327647636	0.905749203079647	0.984833346775691	0.000896269847351206	0.00305837543127893	0.00049085378324601	0.00159763009547691	0.0209775515111263	0.082155021096932	0.0308202266738382	0.180900396020807	0.121366207190425	0.141803285548447
T:	0.393159686295429	0.289284350886362	0.171061881380083	0.0847063751150335	0.0145022446118887	0.00227967413894195	0.00620211850863323	0.00654150174692283	0.991708515518516	0.987168421215382	0.0229867870075803	0.174252450066056	0.355975930774297	0.813467473835902	0.327119218938465	0.413059555786694	0.193890200026174
