Obox2_3438.2

A:	0.293848521904546	0.122279654755318	0.448855968846249	0.152800839675969	0.187720230092042	0.0703794043521753	0.0637646328042415	0.0183696279773807	0.972041990964966	0.0091615180942125	0.0242503549693589	0.934912656978558	0.694400810261708	0.290944162022212	0.258089471991081	0.51099095384222	0.22119545280469
C:	0.125144264473734	0.144634157627867	0.147837214950598	0.0598720748683694	0.0408430264345723	0.021108591040756	0.00681877054849312	0.00266912321508727	0.0203078976994178	0.00253490412789897	0.0074141881159715	0.00238318364557467	0.01940399306027	0.524952885008402	0.0643389744860851	0.233651977937534	0.238060531227225
G:	0.14243960375912	0.408123595320856	0.312347354207258	0.649128786592126	0.725480972351264	0.864530139245508	0.915928170518737	0.94806527389252	0.00131721848111068	0.00565459550412694	0.00287134637440207	0.0122202830564286	0.0791944598698575	0.0617356457669645	0.154268345014391	0.0927956878112073	0.0762372220053917
T:	0.4385676098626	0.324962592295959	0.090959461995895	0.138198298863535	0.0459557711221221	0.0439818653615606	0.0134884261285282	0.0308959749150121	0.00633289285450548	0.982648982273762	0.965464110540268	0.0504838763194391	0.207000736808165	0.122367307202422	0.523303208508443	0.162561380409039	0.464506793962693
