Obox1_3970.2

A:	0.23947735998245	0.217542781999274	0.647325978615965	0.447786635956232	0.248541449222486	0.0887701249712733	0.0496625693254795	0.00356916217556283	0.967191528410874	0.00172138480398722	0.00838871902866054	0.946956972088562	0.711017781503731	0.234125487035485	0.255026199657695	0.448611336285189	0.182337093981413
C:	0.131083939827538	0.106254360413234	0.113122053169417	0.111540631616415	0.0177868761482255	0.00879580573779326	0.00328724377018334	0.000420488723024203	0.0298830739490018	0.00592743847349116	0.0116784103608007	0.000662696307146091	0.0179416860431152	0.619719097400883	0.148238611240265	0.200868534271974	0.333504636441334
G:	0.24350665707418	0.206113851213911	0.157766854264736	0.372093040875925	0.686923710477006	0.88303433540468	0.945324698896921	0.960583968949056	0.000248178516709547	0.00106320749874399	0.000279720128120887	0.00232851261666758	0.0526009290888546	0.0738707002925554	0.159856139405778	0.0921234606214019	0.182091859698554
T:	0.385932043115831	0.470089006373581	0.0817851139498823	0.0685796915514279	0.0467479641522825	0.0193997338862531	0.00172548800741579	0.0354263801523574	0.00267721912341432	0.991287969223778	0.979653150482418	0.0500518189876237	0.218439603364299	0.0722847152710761	0.436879049696262	0.258396668821435	0.302066409878698
