Obox3_3439.1

A:	0.265986994237819	0.129560818756867	0.342885376542252	0.153240405645353	0.258413161804572	0.111287841876886	0.0830205649713683	0.012107813981582	0.982327897212194	0.00357229699123988	0.0120657937592005	0.954559752263335	0.716183547680534	0.137277082725449	0.28269916864336	0.432159138370826	0.260600857088324
C:	0.173376639173661	0.268971696674106	0.208848355324946	0.164564592427204	0.0317264628637002	0.035158509829579	0.00406029041051684	0.00269273011103849	0.00967069400406424	0.0028186331962099	0.00645451334606464	0.00199523610804498	0.015547017809693	0.673851209091806	0.0568935836659661	0.290287647383197	0.267351345656738
G:	0.153926186196239	0.350646103100607	0.334291104017574	0.58252079535685	0.62945678086794	0.768618523391615	0.905853404280199	0.970144618891411	0.00169852367164882	0.00601976599945935	0.00357402302817313	0.0091896669212358	0.126757862575362	0.0872145566224091	0.162377936678761	0.109506893467388	0.0696758165182209
T:	0.40671018039228	0.25082138146842	0.113975164115227	0.0996742065705933	0.0804035944637883	0.0849351249019197	0.00706574033791582	0.0150548370159683	0.0063028851120925	0.987589303813091	0.977905669866562	0.0342553447073845	0.141511571934411	0.101657151560336	0.498029311011913	0.168046320778589	0.402371980736717
