Obox6_3440.2

A:	0.505448744028633	0.297413193491766	0.69130015624419	0.680729839926481	0.348071100850285	0.140808965917826	0.0390079923108011	0.00377129477396986	0.969153134225635	0.00310644335252169	0.00902586396420624	0.969731251654726	0.444628951647364	0.254737831030188	0.119131243710026
C:	0.243908030631392	0.206506644557342	0.0372943416945609	0.0922572699037447	0.118124938517993	0.605582123600299	0.00184834562902572	0.000569644757582201	0.0289177755029724	0.00239627229020525	0.0124377896903577	0.000460071034624978	0.020696112170403	0.341762986116347	0.226982379319102
G:	0.109355090126004	0.201509595947462	0.141215804225167	0.0368526044494324	0.345387505089444	0.18942726245995	0.956724023454721	0.983421496891291	0.000574007619196792	0.00147856082773756	0.00039272317100254	0.00203426642970109	0.0761997566438654	0.053351431691982	0.464625728725581
T:	0.141288135213971	0.294570566003431	0.130189697836082	0.190160285720342	0.188416455542278	0.0641816480219251	0.00241963860545232	0.0122375635771566	0.00135508265219537	0.993018723529535	0.978143623174433	0.0277744108809476	0.458475179538367	0.350147751161483	0.189260648245292
