Obox5_3963.2

A:	0.387261227909427	0.433519004605012	0.267660616070956	0.592495591953939	0.204749180135066	0.117847003804886	0.00394657942443375	0.98364294626151	0.00252538189817507	0.00685190315604093	0.974671475130211	0.768669386005267	0.309857253051981	0.0830914313340674	0.402339087242251	0.273450166389817	0.280230427454065
C:	0.198637508382264	0.0347311718211848	0.212742025809765	0.107282555535126	0.0934690239956756	0.00521815728208158	0.0018714858743078	0.00779912782092564	0.00286594217625794	0.00450226819816942	0.00090171472743397	0.00951708532844062	0.185796769230613	0.0992385530034967	0.181407188042831	0.139410592955721	0.335644809373458
G:	0.227497164313871	0.333894017035048	0.354328249829086	0.224595020717294	0.661179140428375	0.874221686365348	0.982671408210188	0.00123613257647343	0.00389850855611881	0.0012272719993225	0.00229748586714791	0.0173572564950278	0.0682912236694351	0.0326834190307578	0.250088098094319	0.0901021874843656	0.216045693717055
T:	0.186604099394437	0.197855806538755	0.165269108290193	0.0756268317936404	0.0406026554408832	0.0027131525476851	0.0115105264910706	0.00732179334109066	0.990710167369448	0.987418556646467	0.022129324275207	0.204456272171264	0.436054754047971	0.784986596631678	0.166165626620598	0.497037053170096	0.168079069455421
