Og2x_3719.1

A:	0.174171208871119	0.128218818285985	0.233646536476003	0.311281622969999	0.0168926997155609	0.0161889812858058	0.917886883468315	0.959721102814791	0.0306994605222946	0.00780953165102426	0.650562664393397	0.376835128650537	0.141811190973802	0.295355852115949	0.443720543674403	0.228971643462937	0.152482930736401
C:	0.504500597836101	0.175644455582126	0.284872146401947	0.225783135899711	0.577589801988062	0.331461551358177	0.00592051657897601	0.00290815318147888	0.00667128348143539	0.0683830683016851	0.00178680296262032	0.0286823696458408	0.163291637780339	0.194120249606264	0.156429747910584	0.294651789604139	0.405995729643728
G:	0.196117035078616	0.540933380560789	0.248985740960031	0.359527020523466	0.0286823696458408	0.00178680296262032	0.0683830683016851	0.00667128348143539	0.00290815318147888	0.00592051657897601	0.331461551358177	0.577589801988062	0.393792053371107	0.163083887490653	0.160597987896472	0.166053034953968	0.251527200799442
T:	0.125211158214164	0.155203345571099	0.23249557616202	0.103408220606824	0.376835128650537	0.650562664393397	0.00780953165102426	0.0306994605222946	0.959721102814791	0.917886883468315	0.0161889812858058	0.0168926997155609	0.301105117874751	0.347440010787135	0.239251720518541	0.310323531978956	0.189994138820428
