Otp_3496.1

A:	0.230993353456372	0.308053317773558	0.146999262866906	0.411188784075114	0.473168437930856	0.00758851290381419	0.0088171805178106	0.983825369102243	0.983066333591761	0.00470097170413682	0.00114076632209572	0.955464812381403	0.87524811122487	0.0595296247431945	0.234909580992675	0.222052822400324	0.124269296861007
C:	0.37516875449946	0.197960197561269	0.355311139824203	0.175886389437471	0.101552502273802	0.115608293795582	0.0354173147741376	0.0084300800133777	0.00125585619152495	0.0109768385125768	0.0066037845622838	0.000300692326649017	0.00155508207573419	0.422614328585982	0.104730999564972	0.180868357896383	0.122351670474879
G:	0.212909438923901	0.335842201335806	0.11831503480424	0.183790118953923	0.388483265009714	0.00155508207573419	0.000300692326649017	0.0066037845622838	0.0109768385125768	0.00125585619152495	0.0084300800133777	0.0354173147741376	0.115608293795582	0.0868193981168622	0.282997815502132	0.3457630513316	0.604546739134006
T:	0.180928453120267	0.158144283329367	0.379374562504651	0.229134707533492	0.0367957947856281	0.87524811122487	0.955464812381403	0.00114076632209572	0.00470097170413682	0.983066333591761	0.983825369102243	0.0088171805178106	0.00758851290381419	0.431036648553961	0.377361603940221	0.251315768371692	0.148832293530109
