Otx1_2325.1

A:	0.3006103441907	0.194443657810008	0.366837737209392	0.426793000312311	0.176031390080118	0.0771794281984485	0.00695404222509623	0.953016141369223	0.00174348071697209	0.012881764771245	0.939084329648858	0.687439408742476	0.117460804318741	0.291904739604979	0.24129625929669	0.317041133805243	0.187480822264625
C:	0.149998947602304	0.0953660624825689	0.110418161175821	0.0492795773840794	0.19517198406578	0.00386152742667027	0.00152642036377277	0.0430735456638226	0.00454723078955648	0.00345382609088155	0.000403943262134348	0.0253279485403658	0.128986600868096	0.125407093278148	0.23784966376117	0.222786979780605	0.261819457263511
G:	0.303809690313029	0.487288953195375	0.162921969866999	0.474291828112744	0.60844285915329	0.916244457612938	0.985903326245141	0.000503868022891422	0.00178263128450645	0.000402086281361581	0.00187365180606191	0.143514952787923	0.097084181772596	0.0941286998518598	0.201291386351253	0.160309450891054	0.240698471902658
T:	0.245581017893966	0.222901326512048	0.359822131747788	0.0496355941908648	0.0203537667008116	0.00271458676194325	0.00561621116598967	0.00340644494406314	0.991926657208965	0.983262322856512	0.0586380752829459	0.143717689929235	0.656468413040567	0.488559467265013	0.319562690590887	0.299862435523098	0.310001248569206
