Otx2_3441.1

A:	0.228258086259535	0.291157493388557	0.287153221714889	0.483727061751115	0.204144470021573	0.0755198304935036	0.0145171149118742	0.947370758705631	0.00506233180347107	0.0129260629441401	0.924964901515458	0.746192699144598	0.111139550919475	0.195297663461668	0.295891716177546	0.189706636152251	0.206003506059925
C:	0.209722276170312	0.0693614527255961	0.152093971592603	0.152072037209948	0.113048012897309	0.00602564423373397	0.00143795569953496	0.0462876870476983	0.00221678078508145	0.00427717860837616	0.000604263091849939	0.0209836802094872	0.150399655934261	0.342900843472654	0.125169802550828	0.172624406482419	0.451765491320063
G:	0.271345083629002	0.377485010491797	0.222957180699974	0.310289735397316	0.66787166278442	0.914156813475221	0.974113495465566	0.00044688597560003	0.00168381961915672	0.000429166188719485	0.00142062114022724	0.124463613554396	0.115854660633931	0.0844370749293613	0.3170468442021	0.206879249417741	0.136227496560087
T:	0.290674553941151	0.26199604339405	0.337795625992534	0.0539111656416213	0.0149358542966975	0.00429771179754111	0.00993143392302507	0.00589466827107123	0.991037067792291	0.982367592258764	0.0730102142524652	0.108360007091519	0.622606132512333	0.377364418136317	0.261891637069526	0.430789707947589	0.206003506059925
