Pax4_3989.2

A:	0.418021819478368	0.227145824368397	0.403562887037399	0.369662872888192	0.0178125260548038	0.0300415264044556	0.982868383567693	0.986424357586827	0.00409012125833352	0.00618534066682604	0.916204909503671	0.368694849751363	0.114118086871942	0.138585840940557	0.17784771716662	0.344798461958721	0.28421081063396
C:	0.0790084078627903	0.305729267397425	0.184272085854482	0.142527433162092	0.596801322060201	0.00927944129565243	0.00275439974500142	0.00335825772129618	0.00612726343354362	0.00819187602047967	0.044474122796221	0.0166913021336318	0.515973983085359	0.368673780779654	0.439822509700238	0.0967565469177309	0.345130086951996
G:	0.0692065464837437	0.334350635966134	0.244083108890145	0.191981300335376	0.0166913021336318	0.044474122796221	0.00819187602047967	0.00612726343354362	0.00335825772129618	0.00275439974500142	0.00927944129565243	0.596801322060201	0.0774637276643533	0.232820731053371	0.318020204208149	0.305287295996697	0.17593345784951
T:	0.433763226175098	0.132774272268044	0.168081918217974	0.295828393614339	0.368694849751363	0.916204909503671	0.00618534066682604	0.00409012125833352	0.986424357586827	0.982868383567693	0.0300415264044556	0.0178125260548038	0.292444202378346	0.259919647226418	0.0643095689249928	0.253157695126851	0.194725644564535
