Pax6_3838.3

A:	0.05637660617963	0.257919900448313	0.623900218723915	0.0817548746893871	0.121444535619861	0.944920744197169	0.963129175899255	0.0244646670847429	0.0120735734100777	0.797798113317569	0.5198603444675	0.0712203847274444	0.0728919679181141	0.256660608722493	0.392445595905342	0.226523666804885
C:	0.146104589328753	0.128879832286679	0.209492438966148	0.403238309657806	0.0662401156166531	0.0195282881081556	0.00782690054413713	0.0045792564718644	0.0234773942845976	0.0145172354459165	0.0450327391054849	0.095386957582492	0.0840061619732949	0.277279607614607	0.193529826495636	0.413015007974652
G:	0.113050230668719	0.430706885954125	0.095386957582492	0.0418412418851603	0.0145172354459165	0.0234773942845976	0.0045792564718644	0.00782690054413713	0.0195282881081556	0.0662401156166531	0.27976562855932	0.209492438966148	0.282008825903388	0.305852359927287	0.197935349443037	0.17397030909782
T:	0.684468573822897	0.182493381310884	0.0712203847274444	0.473165573767647	0.797798113317569	0.0120735734100777	0.0244646670847429	0.963129175899256	0.944920744197169	0.121444535619861	0.155341287867695	0.623900218723915	0.561093044205203	0.160207423735614	0.216089228155985	0.186491016122643
