Pax7_3783.1

A:	0.319725938061645	0.196862762733027	0.413895803141221	0.290982710751252	0.111144073913992	0.0617014577425669	0.906830050477614	0.949032205448424	0.0282114390043642	0.00473606942707535	0.724189350830433	0.428989295899049	0.120375637087146	0.399438284290781	0.308632562838119	0.262827551318257	0.369767289590196
C:	0.364825678477089	0.233045732320735	0.213393126324725	0.289961468925467	0.442400327505614	0.203357137399741	0.0120878160017039	0.00307280680230897	0.0196835487449029	0.0763460640936072	0.0107520540272586	0.0174663026813457	0.197008441877963	0.214941862805927	0.33484532752434	0.146608437597012	0.189137917059232
G:	0.139785766645736	0.399586500550581	0.0833564172928469	0.207157943453016	0.0174663026813457	0.0107520540272586	0.0763460640936072	0.0196835487449029	0.00307280680230897	0.0120878160017039	0.203357137399741	0.442400327505614	0.289214735710988	0.131909018922421	0.209117348072838	0.265219808346339	0.227153709321354
T:	0.17566261681553	0.170505004395656	0.289354653241207	0.211897876870264	0.428989295899049	0.724189350830434	0.00473606942707535	0.0282114390043642	0.949032205448424	0.906830050477614	0.0617014577425669	0.111144073913992	0.393401185323903	0.253710833980871	0.147404761564704	0.325344202738392	0.213941084029219
