Pbx1_3203.1

A:	0.212132133475286	0.0639329936386216	0.587031360820216	0.117053381651974	0.373322298387013	0.10868656077467	0.859558707385698	0.03013747133643	0.031271423802817	0.931443444164246	0.740694054922572	0.314245558044178	0.324258054983147	0.392890767660176	0.356441617938068	0.260742380001267	0.36695631637213
C:	0.278490003158739	0.492542590935997	0.0346233898952235	0.3981449506242	0.389731267220684	0.734730503986701	0.0198721404014525	0.010644971379965	0.947906065781326	0.0303525159011145	0.0633450286371813	0.0504610100943798	0.320852358040263	0.13929450757823	0.139563997100097	0.286138442371029	0.354615422230283
G:	0.152735518960778	0.152064249870015	0.144306885409315	0.0948809285022363	0.108285539348076	0.0880649176990346	0.0722491439539045	0.00843595777208918	0.00858682111685115	0.0208465104162329	0.0262962823965245	0.0585932081156324	0.146987978478283	0.0903830675552215	0.146747213852773	0.240466939136661	0.205967574485967
T:	0.356642344405198	0.291460165555367	0.234038363875246	0.38992073922159	0.128660895044227	0.0685180175395949	0.0483200082589447	0.950781599511516	0.0122356892990063	0.017357529518407	0.169664634043723	0.57670022374581	0.207901608498308	0.377431657206372	0.357247171109062	0.212652238491043	0.0724606869116192
