Phox2a_3947.1

A:	0.171280387228922	0.296234434046235	0.2082885532232	0.298279859987784	0.680766152368676	0.0287990798683064	0.00451629418287968	0.974615760554954	0.987075939541932	0.00991581602169996	0.00463512358776933	0.881026029005265	0.289496506529325	0.0535107803210258	0.329377168704405	0.256353673900232
C:	0.31882245820069	0.219817552701616	0.24452011329551	0.383596071903648	0.115829771302682	0.353166011661127	0.114481460479269	0.0112376719256575	0.00166740305774514	0.00154288554843644	0.00405319980461518	0.0123457274854126	0.03551661086427	0.247801502162169	0.182474650316286	0.279291453151024
G:	0.226495408604329	0.276863446243569	0.297219410226943	0.0849577243430769	0.151390724943362	0.0169088309030069	0.00260548412269046	0.00819190805019517	0.00737808474916904	0.00305020265889248	0.0210748455053159	0.0960489208533313	0.598153955026301	0.211117416724841	0.328185907272443	0.385604447065983
T:	0.283401745966059	0.20708456700858	0.249971923254348	0.233166343765491	0.0520133513852795	0.601126077567559	0.878396761215161	0.00595465946919333	0.00387857265115364	0.985491095770971	0.9702368311023	0.0105793226559913	0.0768329275801036	0.487570300791964	0.159962273706866	0.0787504258827619
