Phox2b_3948.1

A:	0.270311607158254	0.311437827932284	0.166452565359931	0.604297709485684	0.577367250549749	0.0531167327394085	0.0185601049398852	0.974725092648359	0.975411864188186	0.012468485055774	0.00240781116557469	0.941231306938812	0.784633352501059	0.0647190793271186	0.379871231898132	0.205448515215758	0.161998298820215
C:	0.380127212578535	0.198757076270538	0.217462652574352	0.151110921714949	0.199872648736346	0.151890973105859	0.0370005260321077	0.0060702302305865	0.00084460512136717	0.0112750456346731	0.0167968659554795	0.00320806208919465	0.0103589416536736	0.315443515302972	0.0881677884435534	0.28046563680799	0.172365195772183
G:	0.28272065117731	0.357590823636139	0.312349551001465	0.0947274108850094	0.198381967041812	0.0103589416536736	0.00320806208919465	0.0167968659554795	0.0112750456346731	0.00084460512136717	0.0060702302305865	0.0370005260321077	0.151890973105859	0.226410719555831	0.289727251393687	0.296675315395327	0.502390039804612
T:	0.0668405290859016	0.132214272161039	0.303735231064253	0.149863957914358	0.0243781336720926	0.784633352501059	0.941231306938812	0.00240781116557469	0.012468485055774	0.975411864188186	0.974725092648359	0.0185601049398852	0.0531167327394085	0.393426685814078	0.242233728264627	0.217410532580924	0.16324646560299
