Pitx3_3497.2

A:	0.376317054013878	0.19446415214352	0.0663907508580324	0.174103145772799	0.0188382744455097	0.00209919322682579	0.958051458682369	0.00212583278070754	0.0090846820357709	0.975248283697786	0.177679110890759	0.0547699305794015	0.157040740021004	0.34350092996552	0.15349485294778	0.125948632654954
C:	0.228809842015348	0.13169482851451	0.226062638679712	0.0308382150193616	0.00151516152682365	0.0024883817354499	0.0404309519080479	0.0078329028305879	0.00523050660664152	0.000370635596552149	0.0413530357666648	0.772535249251825	0.15515879302778	0.137361359793537	0.34487071474731	0.548089153028192
G:	0.324926987633547	0.538949269710459	0.645457323656055	0.758315490868999	0.979038942573057	0.992192038850466	0.000339984301618989	0.000559288708636615	0.000358495106017122	0.00169623430781382	0.541740554159449	0.116688226428084	0.224873995352282	0.357922109813869	0.332683542348074	0.196494481734378
T:	0.0699461163372277	0.134891749631511	0.0620892868062009	0.036743148338841	0.000607621454609422	0.00322038618725811	0.00117760510796425	0.989481975680068	0.98532631625157	0.0226848463978481	0.239227299183127	0.0560065937406892	0.462926471598935	0.161215600427074	0.168950889956836	0.129467732582476
