Pitx2_2274.3

A:	0.242676547619154	0.239574337869902	0.389673104821564	0.458844923373211	0.287524088361046	0.10620164762022	0.00666746039580135	0.949041463607664	0.003032270300389	0.00851504487389783	0.895900470010858	0.700955623834347	0.0923789894583438	0.257832635197253	0.38014673205306	0.281898090550644	0.186832709641713
C:	0.229501423531218	0.0841872263617406	0.131082137197266	0.170820907321199	0.102891912519505	0.00336840712315845	0.00148088584505555	0.0458684187728205	0.00664608441326548	0.0111744008959615	0.000770215705796785	0.0391946589956291	0.164035377869082	0.316866446131063	0.125921884498599	0.165542434781531	0.429334138696089
G:	0.25930786337142	0.407773085517295	0.221817340009743	0.273585383598247	0.557421905875106	0.887079414162375	0.981787285040257	0.000547833799845485	0.000696570766308059	0.000301188301662459	0.00114904082742639	0.190694741169615	0.0939107483132539	0.114740596782342	0.251192977497329	0.207846424261944	0.101792703454999
T:	0.268514165478209	0.268465350251062	0.257427417971427	0.0967487857073425	0.0521620932443433	0.00335053109424658	0.0100643687188857	0.00454228381966984	0.989625074520038	0.980009365928478	0.102180273455919	0.0691549760004091	0.64967488435932	0.310560321889342	0.242738405951012	0.344713050405881	0.282040448207199
