Pitx1_2312.1

A:	0.207370508777958	0.115831248721583	0.435856957173828	0.281154125239474	0.453996439305695	0.187630694665807	0.0427875223994756	0.00603201503946216	0.955163452625244	0.00375507543953318	0.0055151540546866	0.913280260448609	0.721584156083142	0.334867502953833	0.457303259633456	0.47835509751492	0.256961102202544
C:	0.2463232734101	0.171039560387034	0.190324850690405	0.147141101846904	0.0504652719143865	0.0432107165517403	0.00186725652329297	0.00105525201125972	0.0421135481576654	0.00475969111192492	0.00907290761459892	0.00071152825398614	0.0241876363239835	0.490003226705895	0.0716196015943714	0.207860151575799	0.248881691702273
G:	0.166933728923788	0.352288652925694	0.29054650706543	0.422766568843553	0.389239993195145	0.734973999395291	0.95401603758873	0.986492597026436	0.000354605550274761	0.000753736569404087	0.00026744425723162	0.00103492605466151	0.198395597730246	0.0582519767413098	0.24194690096916	0.143752362105513	0.20359842103181
T:	0.379372488888153	0.360840537965689	0.083271685070336	0.148938204070069	0.106298295584774	0.0341845893871617	0.00132918348850175	0.00642013592284199	0.0023683936668159	0.990731496879138	0.985144494073483	0.0849732852427435	0.055832609862629	0.116877293598963	0.229130237803013	0.170032388803769	0.290558785063373
