Pknox1_2364.2

A:	0.436259039999235	0.433826478476901	0.324190359468208	0.0546481609334208	0.922874460990206	0.0366677154471842	0.0215987120339197	0.00184635832443084	0.00723236619814949	0.0191029423793512	0.00153495119180771	0.989698272858256	0.679114190451236	0.330007408473214	0.286458384187872	0.199258241653543
C:	0.0867055371534298	0.0632963337479529	0.284651117978709	0.28529530080218	0.0122386472726361	0.581916966430693	0.968541862700105	0.0260705389961497	0.000772730237362487	0.00577103488833198	0.989110693596639	0.000915024378366443	0.0770502848190218	0.110122192197914	0.421725913755858	0.473967500422575
G:	0.169713926453242	0.35808219101492	0.208786184355307	0.51896689361993	0.0426558527399353	0.338993160489387	0.00692011975171124	0.000271420547038744	0.989645270511085	0.000208820846913469	0.000852311665331571	0.00490688458078831	0.0379314198514624	0.0679928246477015	0.186579369532198	0.173008485368811
T:	0.307321496394093	0.144794996760226	0.182372338197776	0.141089644644469	0.0222310389972227	0.0424221576327356	0.00293930551426351	0.971811682132381	0.0023496330534029	0.974917201885403	0.00850204354622198	0.0044798181825892	0.20590410487828	0.491877574681171	0.105236332524071	0.153765772555071
