Pknox2_3077.2

A:	0.428425157595903	0.596486971881268	0.255215529685052	0.0341829523664757	0.613879618807279	0.0286356602108103	0.0208730750620356	0.00117095373934279	0.00430291346370675	0.0144903593733313	0.000872769678135242	0.979608744739915	0.586288723896527	0.207585571213617	0.295651237492293	0.158213116189627
C:	0.195557058541449	0.103248134260196	0.20381273193542	0.441823045236306	0.025627402916623	0.551817022574282	0.969730986173757	0.0397954173089503	0.00124114728640899	0.00733419659665468	0.991755909112982	0.000960142634321043	0.199905124440748	0.157832116695185	0.262238449117819	0.267066551252115
G:	0.163101501425761	0.171369802350794	0.424425528803214	0.347766866571591	0.347718636454568	0.409263932743816	0.00302524649965765	0.000323193168919649	0.9928725921462	0.000309358616821904	0.00191989466281718	0.015792752426546	0.051180865871593	0.0515642468239854	0.182998010320632	0.215259350663907
T:	0.212916282436887	0.128895091507742	0.116546209576314	0.176227135825627	0.0127743418215302	0.0102833844710919	0.00637069226454964	0.958710435782787	0.00158334710368431	0.977866085413192	0.0054514265460656	0.00363836019921816	0.162625285791132	0.583018065267212	0.259112303069256	0.359460981894351
