Pou1f1_3818.1

A:	0.295263022317445	0.387209415824203	0.268498960784041	0.0905390319890094	0.800739854441209	0.887622059937409	0.0557489654112469	0.0332187020619262	0.930422211770549	0.919679261442844	0.0506536870837939	0.0789291606372425	0.79176656533669	0.434075006533111	0.24151162384551	0.223046888206037	0.153804359788531
C:	0.137799516222434	0.237690305267946	0.186021756684767	0.0487645408566038	0.0977753440130381	0.0397013297190516	0.0144749108337448	0.0154376233654171	0.0209214628021082	0.0100968623121642	0.022022923259746	0.0225556409085109	0.0935568799931846	0.114564046812682	0.18880217273255	0.136481553654189	0.483206522652046
G:	0.328645256049217	0.259236135104584	0.204498102402216	0.208432271656564	0.0225556409085109	0.022022923259746	0.0100968623121642	0.0209214628021082	0.0154376233654171	0.0144749108337448	0.0397013297190516	0.0977753440130381	0.0165683690972471	0.205969174428566	0.333255618382199	0.196481391122066	0.182120057120124
T:	0.238292205410904	0.115864143803267	0.340981180128976	0.652264155497823	0.0789291606372425	0.050653687083794	0.919679261442844	0.930422211770549	0.0332187020619262	0.0557489654112469	0.887622059937409	0.800739854441209	0.0981081855728786	0.245391772225641	0.23643058503974	0.443990167017708	0.180869060439299
