Pou2f2_3748.1

A:	0.143440534283784	0.267385710531778	0.230583154776974	0.127632688504526	0.987720517160057	0.00358754406056545	0.00584376045291058	0.00444621882845202	0.743311470811564	0.893912138102057	0.982166375634298	0.027054304692414	0.197735827206768	0.496910079527466	0.347286765662299	0.409640945151103
C:	0.268530326762076	0.204042602268097	0.148604108891601	0.0952162377035218	0.00241041028674459	0.019279550786163	0.00319895239027506	0.890753821114557	0.00156171712156031	0.00300795856012819	0.00304931204137902	0.00566792940229228	0.122428262925837	0.196661038579189	0.129914832467822	0.236159865491917
G:	0.212212576440413	0.174255542720401	0.348518120954475	0.0309967427601976	0.00347418197342255	0.00295064966610007	0.919428161704213	0.00598728899912909	0.00367093147029579	0.01422813192464	0.0027083759411717	0.0239765166321458	0.271727413941948	0.105572196405718	0.369061892106449	0.21542487738702
T:	0.375816562513727	0.354316144479724	0.272294615376949	0.746154331031755	0.00639489057977636	0.974182255487171	0.0715291254526015	0.0988126710578617	0.25145588059658	0.0888517714131753	0.0120759363831515	0.943301249273148	0.408108495925447	0.200856685487627	0.15373650976343	0.13877431196996
