Pou2f1_3081.2

A:	0.308368687087411	0.168666039939443	0.308130915544063	0.304232661988988	0.450966050853833	0.320952565686213	0.0389862102115946	0.890515898026558	0.977877201880307	0.010957718459353	0.0177723898660238	0.928394591994692	0.490419647876748	0.107110820641831	0.208918341870323	0.51119545438311
C:	0.139884577268595	0.207184696347667	0.118739788707792	0.24279340789286	0.0957454678478439	0.240495031769967	0.00817430960194021	0.093706031483651	0.00303271271749264	0.00163824593306912	0.0210214417308419	0.00977733625881788	0.0466382623292999	0.169218236678858	0.175266871758111	0.0528819782474245
G:	0.281072997121255	0.128791122709023	0.312744748014272	0.085022586801134	0.310735514954501	0.0190640357344248	0.00450691398291469	0.00840280743064253	0.00267941037093109	0.00479391835135931	0.102898499567711	0.00421640940874807	0.316162455495981	0.438102285284436	0.0731059962468412	0.117968224611606
T:	0.270673738522739	0.495358141003867	0.260384547733873	0.367951343317019	0.142552966343822	0.419488366809395	0.94833256620355	0.00737526305914863	0.0164106750312698	0.982610117256218	0.858307668835423	0.0576116623377418	0.146779634297971	0.285568657394875	0.542708790124724	0.317954342757859
