Pou2f3_3986.2

A:	0.163922909370457	0.24485375335915	0.185933511600585	0.0903516262804481	0.990345808165313	0.00245029099808912	0.00263788752531867	0.00201556533546761	0.740177177850007	0.905415193111181	0.987356408451449	0.0163615839621023	0.153576075862193	0.455330911296583	0.293425188914946	0.411723361784179
C:	0.19940958812678	0.217833924446574	0.134662275338002	0.119461532189327	0.0017537425194881	0.0117153671626883	0.00111439289668051	0.9113193229509	0.00108969692965498	0.00175689508448125	0.00318966228148488	0.00480688970139765	0.155399825307547	0.242510665170381	0.163527630107819	0.243796034611957
G:	0.196282968974513	0.151102395345393	0.398786590260035	0.0371570526359155	0.00181789231534101	0.00215391904376042	0.938678300338184	0.00381769293728039	0.00200540391657319	0.0146598482762344	0.00184600112215282	0.0163115776662916	0.290073618679324	0.111336694748379	0.350203360772848	0.182397680594443
T:	0.44038453352825	0.386209926848883	0.280617622801378	0.753029788894309	0.00608255699985739	0.983680422795462	0.0575694192398171	0.0828474187763516	0.256727721303765	0.0781680635281034	0.00760792814491293	0.962519948670209	0.400950480150936	0.190821728784657	0.192843820204387	0.162082923009422
