Pou3f4_3773.1

A:	0.333256483364888	0.331199611247281	0.20628440074523	0.121525712363167	0.836640110106537	0.916786637959572	0.0648558606923221	0.0271479183803956	0.947588287834957	0.918995638410549	0.032337613385285	0.0635060542924497	0.822584611349393	0.480273152224988	0.248880340199811	0.212936053525114	0.157614885896399
C:	0.132423546687197	0.265279857867115	0.201415424112222	0.066277865322404	0.0783507576629329	0.0334854072873653	0.00924557647628249	0.00838976841950809	0.016874025365139	0.00690292442084613	0.017390341367778	0.0215030779380803	0.0743156532343361	0.158802919387425	0.178793628735744	0.127454246880362	0.478759667977732
G:	0.289919977680444	0.244521057108577	0.180436259446236	0.220348315071349	0.0215030779380803	0.017390341367778	0.00690292442084613	0.016874025365139	0.00838976841950809	0.00924557647628249	0.0334854072873652	0.078350757662933	0.00973824140061411	0.195040697282877	0.261624256933113	0.166193297365707	0.161071680548579
T:	0.244399992267471	0.158999473777028	0.411863915696311	0.59184810724308	0.0635060542924497	0.032337613385285	0.918995638410549	0.947588287834957	0.0271479183803956	0.0648558606923221	0.916786637959572	0.836640110106537	0.0933614940156564	0.16588323110471	0.310701774131332	0.493416402228817	0.20255376557729
