Pou3f2_2824.1

A:	0.153979581278998	0.293307056105925	0.231216925247153	0.694065877527175	0.61771707780828	0.0702641858814935	0.0144443819388007	0.972611609093454	0.980757756204018	0.013839272095928	0.0102161958025497	0.955105776265544	0.358782695006765	0.0894927819633214	0.247124642994569	0.242054354076782	0.284092847012287
C:	0.256313052262583	0.185897264265625	0.106311226576491	0.0664849354448981	0.144841833478203	0.240528318970933	0.0302684314731538	0.0136845997436636	0.00235188520613371	0.0024783919696489	0.00511835580014591	0.0173579681407869	0.0185375376645786	0.16449317007804	0.136760266728177	0.255243313450134	0.145319416424489
G:	0.453304228237884	0.233505844294946	0.217580892992417	0.110572692408581	0.0991118478094406	0.00499783028966504	0.00550330462295	0.00471656390952319	0.00396807439725729	0.0038804231230238	0.0478084330629457	0.00658227302357342	0.532778392735655	0.267538839700076	0.281059589659978	0.206580449140233	0.355081273593507
T:	0.136403138220535	0.287289835333504	0.444890955183939	0.128876494619346	0.138329240904077	0.684209664857908	0.949783881965096	0.00898722725335959	0.0129222841925912	0.979801912811399	0.936857015334359	0.0209539825700957	0.0899013745930009	0.478475208258562	0.335055500617277	0.296121883332851	0.215506462969717
