Pou3f3_3235.2

A:	0.402059490755833	0.637164754753552	0.307269278185013	0.34247113683535	0.0915995925394252	0.798634512490746	0.00681958814339289	0.0170755475017682	0.0869317445861124	0.983215199037893	0.0309683509207759	0.893792943111319	0.666055183537125	0.170332605321408	0.342691297563733	0.371397451783032	0.59814795070968
C:	0.183333924537851	0.0972935045368439	0.16009588662355	0.102991834185571	0.100833053265705	0.0785718404977096	0.0528603610853892	0.00362386510582728	0.905748582350344	0.00216034915554719	0.00523952299243151	0.0103103503655637	0.0636757265598587	0.0949185154386055	0.132988627080658	0.117425900924085	0.0656353548066637
G:	0.129994950813709	0.0892839333546775	0.305393215254837	0.265290887617427	0.0335808846063014	0.0268014510878477	0.00201177651470367	0.947529713110688	0.00161215310460291	0.010699687807486	0.0114371951626964	0.0133926316559182	0.00717996227734537	0.231056146679774	0.269856855444947	0.24198720757646	0.0980897062542532
T:	0.284611633892607	0.176257807354926	0.2272416199366	0.289246141361652	0.773986469588568	0.0959921959236966	0.938308274256514	0.0317708742817165	0.00570751995894042	0.00392476399907337	0.952354930924096	0.0825040748671995	0.263089127625671	0.503692732560212	0.254463219910662	0.269189439716423	0.238126988229403
