Pou3f1_3819.1

A:	0.383979630895938	0.347529873617237	0.2022879662495	0.0966617872135174	0.817668592844199	0.908383831535478	0.0496174080390085	0.0306231492508926	0.942866093059665	0.933051012975859	0.0346832898332929	0.0364385320012701	0.808628812538704	0.658159413616973	0.12039892422155	0.202636796736338	0.269008548985066
C:	0.129273172869515	0.25726832575689	0.273246107268794	0.0482193034583104	0.126838815936425	0.0342016293321766	0.00972185005267023	0.0102716886115631	0.0162390690778788	0.00760972893246202	0.0227312492990527	0.0190540592181056	0.107162743238988	0.103835404620613	0.197946263122779	0.115216634592596	0.275163315469507
G:	0.292995485946846	0.24901427439276	0.214252687365086	0.17055018928098	0.0190540592181056	0.0227312492990527	0.00760972893246202	0.0162390690778788	0.0102716886115631	0.00972185005267023	0.0342016293321766	0.126838815936425	0.00722140776349673	0.16136357782257	0.334527013382946	0.144762106143178	0.221820312901093
T:	0.193751710287701	0.146187526233113	0.310213239116619	0.684568720047192	0.0364385320012701	0.0346832898332929	0.933051012975859	0.942866093059665	0.0306231492508926	0.0496174080390085	0.908383831535478	0.817668592844199	0.0769870364588112	0.0766416039398438	0.347127799272725	0.537384462527887	0.234007822644334
