Pou4f3_2791.1

A:	0.383079127386519	0.286660923197784	0.183287388455831	0.245056040837556	0.928781620992751	0.00888076707565132	0.0205319657499313	0.968277699031501	0.986910213614028	0.00653243538778938	0.062388010050448	0.937585463077662	0.305323794235104	0.0751108717161522	0.221868969000148	0.190857858261509
C:	0.200564472998187	0.232328118902591	0.0749804804008362	0.223546991271946	0.00766043588685167	0.0204250647755731	0.000613974528040283	0.00369052744752348	0.00190808807838838	0.00924138151082025	0.00620046545220418	0.0341122389277863	0.12340677931122	0.110370742729066	0.271239577215401	0.546783650656201
G:	0.157774075640957	0.346093808173751	0.188685108232322	0.0146785783419724	0.0141486299339606	0.00114221341198028	0.00280330746425912	0.00177978002596274	0.00453357999923837	0.00163249627314635	0.562032038210501	0.00977541520896105	0.348898918465885	0.496285293326353	0.0605492084452348	0.0559978316741032
T:	0.258582323974337	0.134917149725874	0.55304702291101	0.516718389548525	0.0494093131864365	0.969551954736795	0.976050752257769	0.026251993495013	0.0066481183083455	0.982593686828244	0.369379486286847	0.0185268827855908	0.222370507987792	0.318233092228428	0.446342245339216	0.206360659408187
