Pou6f1_1731.2

A:	0.275324496835183	0.427224087875383	0.277237748296765	0.186994519790379	0.497950284980647	0.013679483993375	0.983167445207174	0.99121899230348	0.00162857812838494	0.00783133416179201	0.98881938690902	0.00738670877225793	0.0802017416077418	0.20879632799716	0.167145432394268	0.243308226997272	0.295347986611552
C:	0.279787467756593	0.235590581546935	0.297128892874037	0.266722169320791	0.0676835829673924	0.00253950607512811	0.000503587457636741	0.00135733243496663	0.00245067327042451	0.00117075814688373	0.00449587789022867	0.00576639814404482	0.39653071213916	0.127415326540359	0.149170432311507	0.165095692162292	0.315506164964904
G:	0.343261147772171	0.0824952147734999	0.215566931433221	0.455538759668289	0.0169238571940307	0.000654845226757099	0.00338702147535181	0.00184994543801724	0.00294604737070816	0.699965721508935	0.00329773264014955	0.955350397438097	0.403338911556032	0.0251989951576985	0.303743123235052	0.382489683200112	0.163898837107698
T:	0.101626887636053	0.254690115804181	0.210066427395978	0.0907445512205401	0.417442274857929	0.98312616470474	0.0129419458598373	0.00557372982353651	0.992974701230482	0.291032186182389	0.00338700256060175	0.0314964956456002	0.119928634697066	0.638589350304782	0.379941012059173	0.209106397640324	0.225247011315847
