Pou6f1_3733.1

A:	0.380019922080176	0.349733572875303	0.356459146174031	0.229673435700607	0.7578377446781	0.0144782453788372	0.984156240107043	0.992195175338088	0.00160995630676699	0.00832834715932445	0.990154959596645	0.00499230008066875	0.0913607534819262	0.164763429649465	0.164549623040502	0.152984704400266	0.241184836278277
C:	0.211223863603498	0.309601612154973	0.226592478479755	0.35017357504893	0.0466864852676395	0.0026689802058411	0.000563479746072504	0.00147018818657136	0.00215601755966047	0.00132668036941493	0.00414916281102967	0.004116706455745	0.290494704089982	0.1432170154969	0.118473201363307	0.151847141790153	0.447248850641095
G:	0.295980519955304	0.0751347701679106	0.169646125156696	0.311906145925019	0.0160359189107503	0.000464270884692432	0.00224085878194247	0.00182318302013959	0.00311972082079425	0.802239271820612	0.00281534988876404	0.965215180648989	0.533318891833476	0.0287022774090471	0.276288446513631	0.413227513820526	0.135344153338182
T:	0.112775694361022	0.265530044801813	0.247302250189518	0.108246843325444	0.179439851143511	0.982388503530629	0.0130394213649418	0.0045114534552008	0.993114305312778	0.188105700650649	0.00288052770356155	0.0256758128145974	0.0848256505946158	0.663317277444588	0.44068872908256	0.281940639989054	0.176222159742446
