Prop1_3949.1

A:	0.239694034450557	0.211104863460636	0.361402486099255	0.474401698408499	0.015257442684006	0.0116334486769597	0.984149607735085	0.982856964360113	0.0101961188033811	0.00524653451487614	0.953661949287748	0.822190587883738	0.159439370424349	0.454571187829407	0.305749619383007	0.351726249625249	0.142462937606332
C:	0.382963950684304	0.192638213216756	0.25108369105351	0.18041215529699	0.155181156984404	0.0337571249405867	0.00535128097663175	0.00163759402240135	0.00530932281410403	0.00525257677340714	0.000947477094705636	0.00737081244785209	0.160044369552943	0.111567255334806	0.183822301586627	0.178702761163962	0.525856942761113
G:	0.212782161373153	0.471186192132566	0.217415176571374	0.249561699141144	0.00737081244785209	0.000947477094705636	0.00525257677340714	0.00530932281410403	0.00163759402240135	0.00535128097663175	0.0337571249405867	0.155181156984404	0.349613272690549	0.175215841454478	0.24626921187112	0.236407715091392	0.103778098130114
T:	0.164559853491985	0.125070731190042	0.170098646275861	0.0956244471533674	0.822190587883738	0.953661949287748	0.00524653451487614	0.0101961188033811	0.982856964360113	0.984149607735085	0.0116334486769597	0.015257442684006	0.330902987332159	0.258645715381308	0.264158867159246	0.233163274119398	0.227902021502442
