Prrx1_3442.1

A:	0.253670269828406	0.14266133767582	0.550773215276909	0.638511354465556	0.0332375116556479	0.0105956383293646	0.978487348457674	0.988729942002229	0.00305540668012907	0.00188568765215407	0.945982402189431	0.492644149125955	0.0320760783761213	0.0873063023690824	0.398317131665558	0.195630228009389	0.0547322986128783
C:	0.274721997453347	0.14723896930974	0.218030558855322	0.0979573803089083	0.630091420456164	0.0847916198693109	0.0057588819890682	0.00207240170178378	0.00551574905176297	0.0131208302851757	0.000472941896560793	0.048621514475251	0.477119836476714	0.0626752124341543	0.165475034085192	0.391762861058453	0.179800823765019
G:	0.311513835731768	0.267581941848647	0.102023000233352	0.200256309524095	0.0349198412646804	0.00267188682704311	0.0120986643756202	0.00662986899556004	0.00239301810561964	0.0042343257790436	0.0360318322131535	0.426186380085812	0.163099396001841	0.109007468104079	0.249687119864505	0.253591313868527	0.168036769340769
T:	0.160093896986479	0.442517751165794	0.129173225634417	0.0632749557014411	0.301751226623508	0.901940854974281	0.00365510517763732	0.00256778730042755	0.989035826162488	0.980759156283627	0.0175128237008552	0.0325479563129819	0.327704689145324	0.741011017092685	0.186520714384745	0.159015597063631	0.597430108281334
