Prrx2_3072.1

A:	0.577686056681802	0.324125834469352	0.40705443395034	0.276433735852138	0.0242035250942538	0.00386935801204936	0.987416648311636	0.985221660180575	0.00532118503671571	0.0026676345015514	0.877085638183644	0.264055187519818	0.0268753627997982	0.181325632472448	0.441166710719727	0.423686210446806	0.296959773118051
C:	0.0424594081935838	0.261479301862159	0.283627525258614	0.0875225782046978	0.69906855629247	0.118299408057001	0.00461483758933997	0.00187239032349704	0.00758476445921265	0.00530087959747309	0.000745595747305627	0.0126727310934586	0.542803340270004	0.172452008896518	0.147383342479912	0.1479075375946	0.202032068128879
G:	0.124218889272088	0.246041872142508	0.11089027324705	0.555195175865439	0.0126727310934586	0.000745595747305627	0.00530087959747309	0.00758476445921265	0.00187239032349704	0.00461483758933997	0.118299408057001	0.69906855629247	0.0351890236733394	0.411692917223873	0.255789428552421	0.175007542453055	0.264113040049217
T:	0.255635645852526	0.16835299152598	0.198427767543996	0.0808485100777245	0.264055187519818	0.877085638183644	0.0026676345015514	0.00532118503671571	0.985221660180575	0.987416648311636	0.00386935801204936	0.0242035250942538	0.395132273256859	0.23452944140716	0.15566051824794	0.253398709505538	0.236895118703853
