Rax_3443.1

A:	0.409767163401217	0.157416118305407	0.153837280214373	0.465348842601983	0.0243332415430008	0.00522043124586776	0.984812004858003	0.982025787803887	0.00313672828989006	0.00399549247997606	0.743475332838535	0.417017661722416	0.0559188724521388	0.0745641473977494	0.170984787467622	0.35720827566578	0.213995322454376
C:	0.0558353826900345	0.276323536956243	0.527255286331691	0.179979337629586	0.530504411799749	0.249209377594278	0.00563961891629601	0.00166852057442644	0.0131689633317969	0.00555288374572504	0.00209485832131919	0.0281446849348346	0.554149871151071	0.285022647771702	0.42952228563673	0.343725259276062	0.322368973440714
G:	0.0925846780554768	0.512519698720221	0.156259032044356	0.205339308912501	0.0281446849348346	0.0020948583213192	0.00555288374572504	0.0131689633317969	0.00166852057442644	0.00563961891629601	0.249209377594278	0.530504411799749	0.0568100103078621	0.413066704860971	0.354549196091028	0.2284410990403	0.162773223737127
T:	0.441812775853272	0.0537406460181294	0.16264840140958	0.149332510855931	0.417017661722416	0.743475332838535	0.00399549247997606	0.00313672828989006	0.982025787803887	0.984812004858003	0.00522043124586776	0.0243332415430008	0.333121246088928	0.227346499969578	0.0449437308046195	0.0706253660178576	0.300862480367783
