Rhox11_1765.2

A:	0.538735303960487	0.331266795727635	0.17465375089566	0.296734118254137	0.128221684842768	0.0270275683797524	0.0872087756501852	0.00679582906631565	0.0394963505166004	0.00554082998984408	0.561956814837802	0.780197354525219	0.51864162484593	0.314450601203071	0.236936313475633	0.314846145125038	0.408340442335324
C:	0.129821388157512	0.27512269943958	0.113319404277397	0.281670407054065	0.561296117694299	0.0146755891463742	0.761581010431928	0.000740536001868614	0.000533340911600232	0.00516446542533841	0.00276072848936075	0.0371554983625566	0.104219603069995	0.111365637266915	0.357991751736992	0.163773719933445	0.134110809268518
G:	0.147336271722284	0.227609189052095	0.383609946713883	0.230068114304674	0.0629281073783162	0.949334951252235	0.147964081068358	0.00603688802873667	0.943453438421947	0.00280527046070189	0.00420718681576337	0.0312219662701845	0.0126704209509629	0.333508152483765	0.280812722372206	0.426195438259559	0.10298688577343
T:	0.184107036159718	0.166001315780691	0.32841689811306	0.191527360387124	0.247554090084617	0.00896189122163885	0.00324613284952946	0.986426746903079	0.0165168701498521	0.986489434124116	0.431075269857074	0.15142518084204	0.364468351133113	0.240675609046249	0.124259212415169	0.0951846966819578	0.354561862622728
