Rhox11_2205.1

A:	0.504898202286499	0.282347535703405	0.183939394108432	0.326709234222526	0.142989094755767	0.0383563035950062	0.092102144037025	0.0102539808428305	0.0334862164690952	0.00535960235539802	0.603485233500431	0.798025727305311	0.52962238030381	0.243580758972542	0.20748400399558	0.28241264977596	0.422774156888567
C:	0.140203542278687	0.244881453360158	0.100669712681586	0.269523319779715	0.55739279787912	0.0140519832399898	0.7788437074114	0.00125195698258373	0.000890569761930885	0.00740705193629701	0.00717936793441746	0.0297882414026864	0.100632388179877	0.126094417797826	0.285455573348398	0.188409542780794	0.152964990711796
G:	0.135418230098992	0.300572115167169	0.384783188447554	0.194043490217059	0.0668258170712701	0.932450144850589	0.125081929257435	0.00523067077519557	0.947485793838994	0.00372911841414499	0.00348228839061932	0.0323698093825484	0.0165070666971172	0.401401847564122	0.353714762662594	0.441463256233886	0.0941056640263262
T:	0.219480025335822	0.172198895769268	0.330607704762429	0.2097239557807	0.232792290293843	0.0151415683144146	0.00397221929413972	0.98326339139939	0.0181374199299797	0.98350422729416	0.385853110174532	0.139816221909455	0.353238164819196	0.22892297566551	0.153345659993428	0.08771455120936	0.330155188373311
