Rhox6_4251.1

A:	0.360624323049966	0.313285814973138	0.236252599194947	0.277450157070421	0.0803918804715217	0.0307360998595247	0.861155890310834	0.9347279067008	0.00313595541673421	0.0703110873537757	0.928918514827051	0.518487801891626	0.0659790743777197	0.0786301940783378	0.103547214051188	0.252474650733579	0.214481744640831
C:	0.0527452336363961	0.209809386148953	0.426218240300604	0.393061700263942	0.361677449287224	0.0253593838362247	0.0549946785552231	0.0279035124476055	0.03423262543486	0.0135383437801677	0.0149860014771999	0.0394428683496281	0.224319947220029	0.234911509099656	0.400487826700116	0.23503128211723	0.344838917282585
G:	0.0505109237458487	0.39535759842113	0.145894609464906	0.182036469020388	0.0394428683496281	0.0149860014771999	0.0135383437801677	0.03423262543486	0.0279035124476055	0.0549946785552231	0.0253593838362247	0.361677449287224	0.121030279965421	0.420487446504661	0.392739470764839	0.240994931254358	0.137535186052127
T:	0.536119519567789	0.0815472004567779	0.191634551039543	0.147451673645248	0.518487801891626	0.928918514827051	0.0703110873537757	0.00313595541673421	0.9347279067008	0.861155890310834	0.0307360998595247	0.0803918804715217	0.58867069843683	0.265970850317345	0.103225488483857	0.271499135894833	0.303144152024457
