Shox2_2641.2

A:	0.201912623296365	0.193673939864375	0.320459664446447	0.246886669079503	0.0249959171915041	0.0166836160285832	0.974678837569179	0.977668112970114	0.0146724149002022	0.0034526335741572	0.91881229333275	0.540311367280456	0.195976437275595	0.122597599517216	0.308379993838137	0.246262033873187	0.122513394625327
C:	0.42373409806374	0.158201474934998	0.347864001618702	0.268243725113736	0.419602014559993	0.063723565637667	0.00684573041762436	0.00196091351130759	0.00569855861837574	0.0150227984390393	0.000780525000999783	0.0150907009680467	0.146709492651242	0.261503800351632	0.212410051408137	0.174325111879978	0.314856789368849
G:	0.231410088163291	0.329219790291907	0.16141525903713	0.287863221888282	0.0150907009680467	0.000780525000999783	0.0150227984390393	0.00569855861837574	0.00196091351130759	0.00684573041762436	0.063723565637667	0.419602014559993	0.248943024763994	0.196589599804939	0.360122312147102	0.272212672724195	0.330177886482323
T:	0.142943190476604	0.31890479490872	0.170261074897721	0.197006383918478	0.540311367280456	0.91881229333275	0.0034526335741572	0.0146724149002022	0.977668112970114	0.974678837569179	0.0166836160285832	0.0249959171915041	0.408371045309169	0.419309000326213	0.119087642606624	0.30720018152264	0.232451929523502
