Six1_0935.2

A:	0.319306237225926	0.482636047491155	0.214291995218256	0.39281947518785	0.215885530065601	0.039793058494627	0.20252521766108	0.00109225759007581	0.963185022232601	0.00201674877845153	0.00991399923269836	0.909252450590071	0.177850720632657	0.228905562887331	0.330937664535817	0.160453397090242	0.176706896590332
C:	0.130147263957723	0.211171644385317	0.0855039668731095	0.136859292711361	0.0493408208584808	0.0537562419510334	0.00502616520125545	0.00102092451045843	0.00173847740577645	0.00188559631390866	0.974962390553731	0.0215863279858745	0.274190259961097	0.159458927829747	0.158105798963787	0.267920019618377	0.0681752248125942
G:	0.399308772370816	0.0858709224196893	0.207353136069944	0.403883286875242	0.685932014558504	0.870239995425097	0.791395904145836	0.0529680770546207	0.0335964548697711	0.00284724252708386	0.00198691331313992	0.037898604260486	0.117997578671419	0.303954890373193	0.11870562621979	0.280244060123835	0.22953829958457
T:	0.151237726445534	0.220321385703838	0.492850901838691	0.0664379452255478	0.0488416345174142	0.0362107041292431	0.0010527129918282	0.944918740844845	0.00148004549185156	0.993250412380556	0.0131366969004304	0.0312626171635684	0.429961440734828	0.307680618909729	0.392250910280605	0.291382523167547	0.525579579012504
