Six2_2307.2

A:	0.452545048486903	0.587198913486938	0.191837342947602	0.29911141597244	0.118226320638162	0.0101130300790406	0.126924788199018	0.00133770058098323	0.958863522374696	0.00335299069335525	0.00766469792815062	0.903865764191597	0.165996299732639	0.252665983362803	0.336830283772589	0.234102034439134	0.172035999068102
C:	0.0991916881627589	0.117372537375026	0.0443619696614846	0.107463902810886	0.0409742347600031	0.030310600245117	0.00282802516470145	0.000719302749586185	0.0015250149600983	0.00174066968229505	0.9810869958995	0.0227682275051172	0.505326530202008	0.168846976252538	0.0808570499003329	0.268720637563494	0.0836952553400521
G:	0.29085182348713	0.0867073826200031	0.256539165466601	0.518651138796267	0.797168283352617	0.923660726154783	0.869144168054189	0.0462970901497199	0.0383652405670493	0.00192717528271423	0.00171717789288226	0.0540742616319455	0.0772380864510126	0.28854521715287	0.0588617644586295	0.215251831090672	0.2238893720561
T:	0.157411439863208	0.208721166518033	0.507261521924312	0.0747735424204076	0.0436311612492183	0.0359156435210594	0.00110301858209159	0.951645906519711	0.00124622209815685	0.992979164341635	0.00953112827946751	0.0192917466713404	0.251439083614341	0.289941823231789	0.523450901868449	0.2819254969067	0.520379373535746
