Six3_1732.2

A:	0.333695258404811	0.720387043185275	0.228564920375742	0.473775790977846	0.072282081636949	0.0157994027294599	0.162036549701746	0.00177496224674589	0.965015487040034	0.00320344426599884	0.0126981655313879	0.917290545467966	0.185849369302294	0.248167316053998	0.402849537246177	0.335913564310985	0.0750228195051309
C:	0.0934878915672864	0.0790552063075838	0.0543529560740165	0.098972444736496	0.0692127521362654	0.0218661674219439	0.00875777539054573	0.000990323314079928	0.0020297200060427	0.00173556379453978	0.972997888121079	0.0272143996339971	0.4458009384239	0.23236271064173	0.0843115749224522	0.21683199942807	0.107186434770898
G:	0.364568556069895	0.0788185412909873	0.169177979797054	0.32249748925634	0.818061586348302	0.895094163361408	0.827015063383796	0.0434262483705644	0.0311051324253774	0.00378429562936738	0.00401111950325396	0.0329910882546804	0.0938042478348063	0.199700996761606	0.108918037796649	0.17737148054762	0.239759388194914
T:	0.208248293958008	0.121739209216154	0.547904143753188	0.104754275029318	0.0404435798784836	0.0672402664871877	0.0021906115239124	0.95380846606861	0.00184966052854581	0.991276696310094	0.0102928268442789	0.0225039666433567	0.274545444439	0.319768976542665	0.403920850034721	0.269882955713325	0.578031357529058
