Six4_2860.1

A:	0.523053785474967	0.187384960446449	0.414491558517754	0.345233755584337	0.611521902659052	0.0163415780946166	0.0143513595346803	0.987454138487628	0.00743122296228329	0.969353941121174	0.00512285183862067	0.00142360382461614	0.209728954275003	0.341678655599303	0.126189525144928	0.17300774074046	0.409639225035067
C:	0.168817442751556	0.177008918275062	0.118547026315718	0.289794547025304	0.116948305461534	0.0294358513173685	0.00479602118391708	0.00522828106131526	0.812213736975714	0.0253860511310446	0.989067841023032	0.969980763683499	0.227411182884633	0.297939590440781	0.288862483438102	0.295895562051829	0.21074952690049
G:	0.140331174287956	0.246163872145511	0.308876414855288	0.130248874025907	0.0989435589087081	0.0150616069362396	0.962434678374396	0.00259016529305997	0.00584885140439968	0.00236189078636144	0.00336215293263622	0.0120110752916926	0.210523329898261	0.104589814131561	0.245018114936517	0.252422483231865	0.296196649477954
T:	0.16779759748552	0.389442249132978	0.15808500031124	0.234722823364452	0.172586232970706	0.939160963651775	0.0184179409070069	0.00472741515799652	0.174506188657603	0.00289811696141983	0.00244715420571082	0.016584557200192	0.352336532942104	0.255791939828354	0.339929876480454	0.278674213975847	0.0834145985864885
