Six6_2267.4

A:	0.330559266858167	0.605485657881662	0.180170313769557	0.431456990407702	0.131728619357738	0.0227264626405304	0.138555875637054	0.00191606683110961	0.965626063592037	0.00378206268316004	0.00660052147709429	0.947233268636617	0.37406631114472	0.267069728927624	0.2949878069789	0.354129936934621	0.09487359621415
C:	0.118371331166345	0.104491996486953	0.0515221425039102	0.173748217577182	0.0379436931463962	0.03397539688375	0.0125966228176069	0.00115586853418818	0.00151814826515605	0.00141198305394129	0.97941179418959	0.00766978719759794	0.305253061859367	0.210201440660088	0.127423998975556	0.195591574200088	0.110274574271996
G:	0.278737910867569	0.0662470220394739	0.131668571945478	0.323416383814145	0.81299094284973	0.914981482224043	0.847659651485731	0.0466525642258282	0.031319423845801	0.00217485627861192	0.00232781068986167	0.017733909114792	0.0639139165611163	0.21699727770821	0.0941544767338835	0.176636035538049	0.192260727942643
T:	0.272331491107919	0.223775323591911	0.636638971781055	0.0713784082009712	0.017336744646136	0.0283166582516763	0.00118785005960809	0.950275500408874	0.00153636429700603	0.992631097984287	0.0116598736434543	0.027363035050993	0.256766710434797	0.305731552704078	0.48343371731166	0.273642453327241	0.602591101571211
