Tcf1_2666.2

A:	0.162687339877928	0.101567660511634	0.0394378376430438	0.204476647089544	0.362341654598103	0.079521674325467	0.0856424084991069	0.0202599839266611	0.96969811124631	0.967101142195776	0.0199810905343274	0.0524963392939052	0.539359392129201	0.668353610374436	0.447558582171924	0.444132804131273	0.111108929214105
C:	0.354578630450769	0.488152512297871	0.192374891940145	0.236463932443928	0.146749517878504	0.0960545543044736	0.106305190004654	0.00501855271575042	0.00342773134644353	0.00259510386149939	0.899634078931547	0.242077507987226	0.0445363631279368	0.137998207400893	0.162706298893889	0.156784302058184	0.236251926595916
G:	0.139993345251819	0.262627425736032	0.351852668909611	0.207244764582881	0.361730391857117	0.737359040042488	0.00717642237580927	0.00246567887950204	0.00301012275693476	0.0142217539438309	0.0555737513735192	0.0315040171040757	0.229461311876341	0.106059430624472	0.171349961864637	0.227197469066519	0.290682340818646
T:	0.342740684419484	0.147652401454463	0.4163346015072	0.351814655883647	0.129178435666277	0.0870647313275711	0.800875979120429	0.972255784478086	0.0238640346503117	0.0160819999988936	0.0248110791606062	0.673922135614793	0.186642932866521	0.0875887516002001	0.21838515706955	0.171885424744024	0.361956803371333
