Tcf2_0913.2

A:	0.314411919272468	0.157996835687881	0.135760948733388	0.174918081910238	0.0595477050240133	0.0621554354480408	0.0113221830811604	0.960175619181159	0.981010030031131	0.00662204229630594	0.0102019283238918	0.895112141187855	0.278112066626778	0.164391666196693	0.224409940353247	0.0456082538906122	0.15184732594685
C:	0.143511970414864	0.184388948512804	0.400456257278109	0.189076820191768	0.0503757269058039	0.0323531450249126	0.00552156600552158	0.0025127700968376	0.00832791106010834	0.951830396341259	0.154748455772344	0.0131824999980636	0.134937789593384	0.362981666917184	0.335182946781177	0.320959956904445	0.162110676684232
G:	0.264911933845711	0.369204898761136	0.144197728877398	0.293539155739709	0.83916936739854	0.0153425000318517	0.00332658852699691	0.00246504788556855	0.00472718120559788	0.0131459102263555	0.0168851573375223	0.0288394177900049	0.55663909737657	0.210651123601734	0.12209461417446	0.38064920500982	0.151885197369105
T:	0.277164176466958	0.288409317038179	0.319585065111104	0.342465942158285	0.0509072006716423	0.890148919495195	0.979829662386321	0.0348465628364346	0.00593487770316253	0.0284016511360799	0.818164458566242	0.062865941024076	0.0303110464032681	0.261975543284389	0.318312498691116	0.252782584195122	0.534156799999813
