Tgif2_3451.1

A:	0.519683506999665	0.614096893075332	0.186974903242262	0.10828865969006	0.914811842760561	0.070481565838639	0.016354320349279	0.00204317781823519	0.00610861089225613	0.0247828974227304	0.00148509199993328	0.989334889458005	0.778803737736694	0.377980192728019	0.458124634452334	0.223102622499483
C:	0.141807138267859	0.0792112745629717	0.327654163513286	0.303529519280294	0.0120143309430041	0.163252646928412	0.972639421879146	0.0187175398659045	0.00140796667789477	0.00206022384081491	0.991963350056324	0.0010521489460068	0.0563663432780132	0.0945965426800409	0.289430740185887	0.435348012026616
G:	0.112153164633802	0.138045172265984	0.24505080650608	0.219106243615892	0.0466282952413213	0.689315156799816	0.00364761336346506	0.000383893261756804	0.990735944781277	0.00040225215769572	0.00175600090412401	0.00231995560104794	0.0376317577491457	0.0868881661577874	0.15276232444019	0.216961893872543
T:	0.226356190098674	0.168646660095713	0.240320126738372	0.369075577413755	0.0265455310551133	0.0769506304331328	0.00735864440811018	0.978855389054104	0.0017474776485719	0.972754626578759	0.00479555703961873	0.00729300599494026	0.127198161236148	0.440535098434152	0.0996823009215893	0.124587471601358
