Tgif1_2342.2

A:	0.272976917767822	0.550608693386147	0.114568489793034	0.560868368295533	0.336499586315222	0.00773593287974179	0.0044891348077887	0.956617806391865	0.00438091447572718	0.982797040243218	0.0167595475506571	0.0360133253722778	0.0647547912534284	0.199404057593866	0.222648150143541	0.0877783004602523	0.319643218399183
C:	0.158875105539627	0.12411044464399	0.207160405138166	0.0529073946557885	0.0680482063900649	0.00372197447391474	0.000728983834051049	0.000414125086008166	0.990924824394631	0.000366354815776002	0.00298031583309018	0.725982567068384	0.104386158404427	0.263519870295278	0.351389698860903	0.20604342392983	0.144216043847242
G:	0.28474213349566	0.169608115750502	0.282464331392534	0.0535084758752831	0.114049553947822	0.000494541964392935	0.99221061173676	0.000889651211867271	0.000538132713191609	0.0155389945070322	0.969990874307073	0.200022148129419	0.133890888386914	0.410228319535303	0.272574984156667	0.395671287647075	0.196041000870966
T:	0.283405843196891	0.155672746219361	0.395806773676266	0.332715761173396	0.481402653346891	0.988047550681951	0.00257126962140049	0.0420784173102595	0.00415612841645053	0.00129761043397379	0.0102692623091798	0.0379819594299196	0.696968161955231	0.126847752575553	0.153387166838889	0.310506987962843	0.340099736882609
