Titf1_1722.2

A:	0.142834401927261	0.404841790683538	0.677579668119008	0.137760654552649	0.0693008946249083	0.00388152252436097	0.904354603166282	0.0189120784334766	0.00351727519834665	0.00715103702529366	0.192073639678984	0.881358399637592	0.450015630034378	0.342018305823599	0.20948583728598	0.17456352190938
C:	0.324493060790724	0.233185748221549	0.0449517864827436	0.20262213785984	0.825888132607749	0.876857710760015	0.015153813489957	0.977464114853072	0.0043925399760895	0.162278718993309	0.120882724418634	0.00203942778126401	0.333144488876703	0.321148280756913	0.122117995488254	0.145893651240658
G:	0.14727556346904	0.227659269065415	0.178773875424551	0.46972841584303	0.093549440654665	0.000965621661071948	0.00104257712460397	0.00120695221122176	0.00242828532355131	0.000583797771257912	0.670840251530473	0.0132530099978219	0.184121259552331	0.0669446720022154	0.0463667600843747	0.0480040382035641
T:	0.385396973812975	0.134313192029498	0.098694669973697	0.189888791744481	0.0112615321126775	0.118295145054552	0.0794490062191568	0.00241685450222991	0.989661899502012	0.82998644621014	0.0162033843719091	0.103349162583322	0.0327186215365879	0.269888741417273	0.62202940714139	0.631538788646397
