Tlx2_3498.2

A:	0.105928570444404	0.605736516979039	0.616139996207994	0.207167776204129	0.205587702292794	0.753103555898034	0.785626359057186	0.035000702306072	0.0398751567597093	0.920556926595061	0.806507159198721	0.17018426677143	0.630114328423971	0.554264794645911	0.183854435074331	0.289987845731955	0.400593843275563
C:	0.200768108248491	0.0824837660932286	0.0708704493272226	0.101768343088968	0.314072813290436	0.0602493392381152	0.028840859605219	0.038504280456042	0.0385258976716715	0.0100565905017422	0.0310770970933127	0.0565523307084359	0.0514092583895379	0.0935280590107211	0.390999089563795	0.101148819849046	0.0610892334483756
G:	0.27630427422416	0.0454486629163082	0.219578442664698	0.138908739268566	0.0635636750088521	0.0645980062680993	0.0417934686680222	0.018618584632828	0.00950354822716885	0.0450309796500962	0.0308570230476741	0.0434128174909268	0.0800779455610481	0.223410972832198	0.0938466269678775	0.103802547444768	0.136478224242694
T:	0.416999047082944	0.266331054011424	0.0934111118000856	0.552155141438337	0.416775809407918	0.122049098595752	0.143739312669573	0.907876432605058	0.91209539734145	0.0243555032531005	0.131558720660293	0.729850585029207	0.238398467625443	0.12879617351117	0.331299848393996	0.505060786974231	0.401838699033367
