Uncx4.1_2281.2

A:	0.304379856158607	0.351118034503071	0.231584961142367	0.479228569123536	0.625673125722268	0.0102417933008281	0.00960839483345903	0.980815478301628	0.980243778514434	0.0126811867949428	0.00174638688561685	0.926651803438068	0.831369897629855	0.14805802648296	0.178551194096638	0.170979620187692	0.125743801910219
C:	0.311794667767256	0.211469668981635	0.174453813446388	0.157539935511442	0.170623064146226	0.148178550734076	0.062828814096773	0.00805501435703431	0.00117181164589123	0.00590322304473236	0.0093831204557213	0.000910987631699996	0.0102097583352417	0.36166854925763	0.183862577147206	0.366501134661504	0.153063424812199
G:	0.26887616486071	0.225202166207823	0.127484259581853	0.203780232651868	0.111367807289585	0.0102097583352417	0.000910987631699996	0.0093831204557213	0.00590322304473236	0.00117181164589123	0.00805501435703431	0.062828814096773	0.148178550734076	0.223929391834129	0.465801309489011	0.305558918801166	0.556137255544378
T:	0.114949311213428	0.212210130307471	0.466476965829392	0.159451262713154	0.0923360028419202	0.831369897629855	0.926651803438068	0.00174638688561685	0.0126811867949428	0.980243778514434	0.980815478301628	0.00960839483345903	0.0102417933008281	0.266344032425281	0.171784919267145	0.156960326349637	0.165055517733204
