Vax1_3499.1

A:	0.496290868271246	0.188479508322697	0.221286552024766	0.156652873692192	0.0124354961946898	0.886995533478627	0.96365375540527	0.0209428528436489	0.00549760102863725	0.867706954349597	0.350343934003183	0.121289478877809	0.188896023860729	0.225703780382824	0.645260789964944	0.203349593836338
C:	0.243121515723518	0.343965304614875	0.127030852699776	0.152565396235372	0.119259788036519	0.103667139076244	0.0149622580586548	0.000441133692426	0.00383972641649102	0.000597761419194857	0.250058884352839	0.53039311639765	0.366152859316862	0.40049868904025	0.0826625138132022	0.102507857352169
G:	0.177890557662997	0.333059306431041	0.53039311639765	0.151244562473433	0.000597761419194857	0.00383972641649102	0.000441133692426	0.0149622580586548	0.103667139076244	0.119259788036519	0.34109731217401	0.127030852699776	0.0902430514661048	0.118031724190454	0.125079649925778	0.508809891470488
T:	0.0826970583422388	0.134495880631388	0.121289478877809	0.539537167599003	0.867706954349597	0.00549760102863725	0.0209428528436489	0.96365375540527	0.886995533478627	0.0124354961946898	0.0584998694699682	0.221286552024766	0.354708065356304	0.255765806386471	0.146997046296076	0.185332657341005
