Vax2_3500.1

A:	0.159255976114231	0.322784994253068	0.256213982689636	0.171641175185274	0.528665729442805	0.0599068833371257	0.00760274941840667	0.878764582781902	0.982586062615897	0.0101849149947404	0.00490189891246035	0.933868593292452	0.502604114792126	0.0816799460727693	0.343608424182724	0.166067899778074
C:	0.236424598347201	0.159968800414078	0.264422731785411	0.432503201772599	0.131289806132902	0.56466556019633	0.111953558796996	0.113811009679261	0.00282877549519701	0.00270913811241944	0.00227557468415199	0.000736726529250279	0.192500058172721	0.230927241050954	0.211449279842726	0.575573661547895
G:	0.306315654078589	0.192187263421453	0.269563850251653	0.213848876974324	0.264225253075418	0.124323218025052	0.00130496529887677	0.00262185408842868	0.00206619129114658	0.00161678344315452	0.0154977960346803	0.0324135473982477	0.246253684227617	0.406754352959544	0.313851854909426	0.169221422951593
T:	0.298003771459979	0.325058941911401	0.2097994352733	0.182006746067804	0.0758192113488746	0.251104338441492	0.87913872648572	0.0048025534504085	0.0125189705977593	0.985489163449686	0.977324730368707	0.0329811327800506	0.0586421428075362	0.280638459916733	0.131090441065125	0.0891370157224383
