Vsx1_1728.1

A:	0.230250373322507	0.153522881094635	0.497023058788569	0.365434459418957	0.0597886572671696	0.0064801045363319	0.981979225995379	0.975514090218742	0.0121746139014396	0.00226382481668766	0.895137707793185	0.633525604294155	0.137157592479587	0.327308452256297	0.559435288959645	0.236428296371968	0.153188211527143
C:	0.525336880549306	0.333066558161073	0.231707270190503	0.0616148040190375	0.294960118672285	0.097954661195439	0.0134832337741651	0.000656201270956842	0.0116550946088612	0.00227371541376856	0.000427526475044251	0.0117256197663898	0.283527070327231	0.185894938593793	0.236906486844164	0.227665664503559	0.189710244895845
G:	0.10872721754044	0.380205896792975	0.0946373834584514	0.494065914665272	0.0117256197663898	0.000427526475044251	0.00227371541376856	0.0116550946088612	0.000656201270956842	0.0134832337741651	0.097954661195439	0.294960118672285	0.115011584723971	0.25792771289434	0.135881091617442	0.177734057495629	0.16958574148527
T:	0.135685528587748	0.133204663951317	0.176632287562477	0.0788848218967342	0.633525604294155	0.895137707793185	0.00226382481668766	0.0121746139014396	0.975514090218742	0.981979225995379	0.0064801045363319	0.0597886572671696	0.464303752469211	0.228868896255571	0.0677771325787487	0.358171981628844	0.487515802091742
